0 0.171547 0.164271 0.168919 0.018637
0 0.353604 0.161608 0.166667 0.017572
0 0.828078 0.196486 0.085586 0.092652
0 0.070571 0.311502 0.025526 0.118211
0 0.168168 0.310437 0.024024 0.118211
0 0.351727 0.270767 0.168919 0.017572
0 0.543544 0.275027 0.169670 0.019702
0 0.731982 0.334931 0.172673 0.083067
0 0.354730 0.363419 0.168919 0.018637
0 0.353979 0.385250 0.167417 0.017572
0 0.352853 0.406816 0.168168 0.018104
0 0.072072 0.539137 0.025526 0.118743
0 0.161787 0.536741 0.026276 0.119276
0 0.333709 0.489350 0.167417 0.020234
0 0.754505 0.457668 0.027027 0.119808
0 0.850976 0.456869 0.026276 0.119276
0 0.445946 0.596645 0.169670 0.018637
0 0.746997 0.685570 0.024024 0.119808
0 0.779279 0.685836 0.024024 0.118211
0 0.846847 0.686368 0.025526 0.120341
0 0.575826 0.551384 0.046547 0.095314
0 0.625000 0.548190 0.045796 0.096379
0 0.120871 0.716454 0.168168 0.017572
0 0.315315 0.716187 0.169670 0.018104
0 0.503754 0.714058 0.166667 0.018104
0 0.120871 0.853035 0.168168 0.018104
0 0.120495 0.874334 0.167417 0.017039
0 0.119369 0.895900 0.168168 0.018637
0 0.301051 0.873269 0.168168 0.018104
0 0.302177 0.894569 0.165916 0.017039
0 0.469595 0.850639 0.086336 0.092119
0 0.619369 0.851171 0.085586 0.093184
1 0.226727 0.208466 0.061562 0.022897
1 0.388138 0.208466 0.075075 0.022897
1 0.851727 0.267838 0.053303 0.019169
1 0.075826 0.443291 0.075075 0.023962
1 0.170796 0.443291 0.060811 0.022897
1 0.396021 0.451012 0.087838 0.022364
1 0.391517 0.321353 0.062312 0.023962
1 0.585961 0.331736 0.087838 0.023429
1 0.849850 0.365815 0.061562 0.023429
1 0.365616 0.536209 0.076577 0.023429
1 0.077703 0.671725 0.062312 0.021832
1 0.167793 0.666134 0.060811 0.023429
1 0.478228 0.654153 0.061562 0.022897
1 0.596471 0.662407 0.062312 0.022364
1 0.761637 0.589723 0.075826 0.021832
1 0.856982 0.590256 0.062312 0.022897
1 0.161036 0.768371 0.062312 0.023429
1 0.344595 0.774760 0.060060 0.022364
1 0.539790 0.761715 0.073574 0.021832
1 0.762387 0.817625 0.059309 0.022897
1 0.852853 0.812567 0.061562 0.022364
1 0.162538 0.940362 0.086336 0.023429
1 0.336712 0.941427 0.074324 0.022364
1 0.493243 0.921725 0.052553 0.018104
1 0.595721 0.922524 0.051802 0.020767
