0 0.188063 0.200213 0.168919 0.018104
0 0.386261 0.216454 0.171922 0.085729
0 0.653529 0.183174 0.167417 0.019169
0 0.833709 0.183440 0.168919 0.016507
0 0.117492 0.348243 0.150901 0.090522
0 0.375751 0.295527 0.200450 0.024494
0 0.590841 0.313365 0.192192 0.080405
0 0.771772 0.318956 0.121622 0.089457
0 0.140390 0.466720 0.192192 0.081470
0 0.291667 0.431576 0.047297 0.094249
0 0.340841 0.431576 0.045045 0.095314
0 0.758258 0.480298 0.082583 0.084132
0 0.102102 0.605431 0.097598 0.084132
0 0.346847 0.576944 0.168168 0.017572
0 0.550300 0.576145 0.169670 0.018104
0 0.802553 0.569755 0.168168 0.018104
0 0.135511 0.679979 0.168919 0.035144
0 0.310435 0.693557 0.167417 0.018637
0 0.418168 0.707668 0.025526 0.118211
0 0.533033 0.708200 0.025526 0.119276
0 0.837087 0.693024 0.168168 0.018637
0 0.287162 0.785410 0.168919 0.018104
0 0.465465 0.783014 0.159159 0.018637
0 0.641141 0.794196 0.024024 0.112354
0 0.818694 0.783546 0.158408 0.018637
0 0.829580 0.869808 0.183183 0.037806
0 0.252628 0.904952 0.108859 0.093184
0 0.471096 0.886049 0.168919 0.018104
0 0.647523 0.880192 0.168919 0.017039
1 0.230856 0.258253 0.087838 0.023429
1 0.504129 0.248403 0.062312 0.022897
1 0.708709 0.227636 0.060060 0.022897
1 0.877252 0.241214 0.087838 0.022364
1 0.225601 0.382588 0.057808 0.022897
1 0.442568 0.358360 0.072823 0.033014
1 0.650901 0.384718 0.060060 0.022897
1 0.875000 0.352769 0.071321 0.022897
1 0.201952 0.537540 0.061562 0.022897
1 0.311562 0.543930 0.061562 0.021832
1 0.836712 0.510650 0.063814 0.022364
1 0.194444 0.635783 0.075075 0.022364
1 0.386637 0.631523 0.061562 0.023429
1 0.593093 0.632322 0.087087 0.022897
1 0.859234 0.614750 0.062312 0.022897
1 0.182057 0.722843 0.062312 0.022897
1 0.312688 0.725506 0.060811 0.021832
1 0.469595 0.729499 0.060811 0.023429
1 0.584459 0.729499 0.072823 0.028754
1 0.878378 0.749201 0.085586 0.023429
1 0.343093 0.829872 0.061562 0.022897
1 0.504880 0.829340 0.075826 0.022897
1 0.694069 0.834132 0.065315 0.025027
1 0.857733 0.829606 0.077327 0.022364
1 0.343844 0.939563 0.064565 0.023962
1 0.511637 0.941427 0.062312 0.022364
1 0.691441 0.936635 0.088589 0.023429
1 0.867117 0.933972 0.081081 0.030884
