0 0.109451 0.174148 0.128433 0.118750
0 0.316640 0.171875 0.116317 0.118750
0 0.563409 0.171591 0.134895 0.121591
0 0.882472 0.101705 0.117124 0.107955
0 0.080372 0.318466 0.113893 0.127841
0 0.293619 0.302273 0.117124 0.103409
0 0.487884 0.300000 0.114701 0.100000
0 0.672456 0.296591 0.097738 0.100000
0 0.862682 0.299432 0.106624 0.103409
0 0.106624 0.440341 0.121163 0.087500
0 0.257674 0.474716 0.095315 0.093750
0 0.447496 0.477841 0.088853 0.109091
0 0.632472 0.477841 0.080775 0.081818
0 0.889742 0.433239 0.107431 0.043750
0 0.135299 0.599148 0.105816 0.047159
0 0.253635 0.630114 0.085622 0.106818
0 0.514136 0.587216 0.100969 0.077841
0 0.708805 0.590341 0.094507 0.081818
0 0.889338 0.596875 0.111470 0.093750
0 0.135299 0.740341 0.102585 0.087500
0 0.254039 0.771023 0.075121 0.125000
0 0.448304 0.771023 0.084006 0.123864
0 0.702342 0.743182 0.086430 0.089773
0 0.813409 0.780966 0.064620 0.099432
0 0.106624 0.880966 0.143780 0.065341
0 0.260905 0.924716 0.092084 0.102841
0 0.445477 0.924716 0.094507 0.106250
0 0.638530 0.924432 0.102585 0.110227
0 0.823506 0.928125 0.094507 0.106250
1 0.201535 0.220455 0.068659 0.029545
1 0.425283 0.218750 0.096123 0.028409
1 0.665994 0.218466 0.083199 0.027841
1 0.885703 0.215625 0.123586 0.034659
1 0.159128 0.368466 0.059774 0.027841
1 0.336430 0.368466 0.083199 0.027841
1 0.527868 0.368466 0.078352 0.027841
1 0.711632 0.368466 0.084006 0.027841
1 0.902262 0.368466 0.087237 0.027841
1 0.140145 0.518466 0.097738 0.027841
1 0.340065 0.518750 0.077544 0.028409
1 0.527868 0.518466 0.078352 0.027841
1 0.718094 0.518466 0.079160 0.027841
1 0.895800 0.503409 0.090468 0.022727
1 0.145800 0.668466 0.081583 0.031250
1 0.334006 0.668182 0.083199 0.028409
1 0.520598 0.668182 0.094507 0.028409
1 0.714863 0.668466 0.087237 0.027841
1 0.903473 0.668466 0.079968 0.027841
1 0.140953 0.818466 0.094507 0.027841
1 0.336834 0.818466 0.080775 0.027841
1 0.530291 0.818466 0.075121 0.027841
1 0.705170 0.818466 0.101777 0.027841
1 0.900242 0.817898 0.089661 0.028977
1 0.144184 0.968182 0.089661 0.028409
1 0.343700 0.965341 0.070275 0.028409
1 0.527464 0.965625 0.075929 0.027841
1 0.721729 0.965341 0.068659 0.028409
1 0.910339 0.965341 0.074313 0.028409
2 0.201535 0.123580 0.046042 0.016477
2 0.204766 0.158807 0.055735 0.052841
2 0.406300 0.152557 0.045234 0.018750
2 0.410339 0.176989 0.054927 0.033523
2 0.663974 0.112216 0.067851 0.016477
2 0.655897 0.142330 0.056543 0.041477
2 0.670032 0.168182 0.079968 0.010227
2 0.659128 0.192898 0.064620 0.021023
2 0.150646 0.298580 0.050889 0.014205
2 0.155897 0.321875 0.059774 0.031250
2 0.234249 0.353125 0.046850 0.016477
2 0.237884 0.372443 0.054120 0.019886
2 0.422456 0.332102 0.046850 0.017614
2 0.439015 0.362500 0.084814 0.040909
2 0.613086 0.352841 0.045234 0.015909
2 0.617528 0.372443 0.054120 0.021023
2 0.803716 0.343182 0.046850 0.018182
2 0.807351 0.367898 0.055735 0.031250
2 0.044426 0.481250 0.048465 0.015909
2 0.049273 0.505966 0.054927 0.031250
2 0.053716 0.527273 0.063813 0.010227
2 0.130048 0.493182 0.075929 0.019318
2 0.337641 0.428125 0.069467 0.016477
2 0.336430 0.452841 0.071890 0.030682
2 0.342488 0.474148 0.079160 0.011932
2 0.338853 0.492330 0.076737 0.022159
2 0.774233 0.142898 0.086430 0.019886
2 0.780695 0.179830 0.100969 0.052841
2 0.774233 0.220455 0.088045 0.026136
2 0.863893 0.187500 0.078352 0.012500
2 0.517367 0.444602 0.047658 0.016477
2 0.530695 0.474716 0.074313 0.043750
2 0.712036 0.427273 0.070275 0.017045
2 0.718094 0.450852 0.079160 0.030114
2 0.716478 0.472727 0.077544 0.011364
2 0.712439 0.493466 0.066236 0.022159
2 0.889338 0.483239 0.071082 0.018750
2 0.811389 0.459659 0.055735 0.012500
2 0.817044 0.486932 0.065428 0.039773
2 0.816640 0.511932 0.064620 0.009091
2 0.054120 0.617330 0.069467 0.016477
2 0.059370 0.644602 0.079968 0.039205
2 0.139338 0.645739 0.062197 0.010795
2 0.050485 0.673864 0.063813 0.019318
2 0.329160 0.555398 0.065428 0.014205
2 0.336430 0.588352 0.086430 0.052841
2 0.327141 0.627273 0.063005 0.019318
2 0.327544 0.645455 0.062197 0.011364
2 0.422456 0.591477 0.045234 0.012500
2 0.455574 0.623864 0.111470 0.050000
2 0.507674 0.644318 0.062197 0.012500
2 0.425687 0.665625 0.054927 0.033523
2 0.622779 0.608807 0.067851 0.016477
2 0.630856 0.643750 0.084006 0.052273
2 0.628837 0.676989 0.078352 0.010795
2 0.718901 0.642898 0.079160 0.021023
2 0.802504 0.636080 0.044426 0.031250
2 0.816640 0.667898 0.075929 0.032386
2 0.044023 0.771023 0.046042 0.012500
2 0.062197 0.789205 0.080775 0.020455
2 0.049677 0.815625 0.055735 0.032386
2 0.128029 0.795739 0.060582 0.010795
2 0.336430 0.737216 0.075121 0.013068
2 0.325121 0.755398 0.054120 0.021023
2 0.328756 0.771875 0.061389 0.011932
2 0.330372 0.792898 0.064620 0.021023
2 0.521809 0.753977 0.043619 0.015909
2 0.524637 0.773580 0.054120 0.021023
2 0.622375 0.760227 0.070275 0.017045
2 0.620759 0.790057 0.067044 0.041477
2 0.613893 0.822443 0.053312 0.019886
2 0.695477 0.792898 0.079160 0.021023
2 0.898627 0.723295 0.094507 0.018182
2 0.886107 0.748011 0.067851 0.032386
2 0.885299 0.775000 0.064620 0.020455
2 0.886511 0.795455 0.062197 0.011364
2 0.051696 0.928977 0.066236 0.028409
2 0.055331 0.958523 0.070275 0.028409
2 0.057351 0.977841 0.072698 0.011364
2 0.344911 0.900000 0.067851 0.018182
2 0.337641 0.925000 0.053312 0.030682
2 0.529079 0.894318 0.066236 0.018182
2 0.527868 0.919886 0.068659 0.030682
2 0.722536 0.901420 0.068659 0.017614
2 0.722940 0.926136 0.072698 0.030682
2 0.902262 0.875568 0.061389 0.015909
2 0.909532 0.900000 0.074313 0.031818
2 0.909935 0.921591 0.076737 0.012500
2 0.905493 0.940625 0.064620 0.022159
