0 0.160645 0.335852 0.110352 0.083791
0 0.355469 0.332418 0.117188 0.116758
0 0.534180 0.324863 0.123047 0.115385
0 0.733887 0.323146 0.094727 0.110577
0 0.926758 0.323146 0.095703 0.103709
0 0.162598 0.506525 0.098633 0.107830
0 0.353516 0.512363 0.099609 0.109890
0 0.546387 0.516484 0.100586 0.103022
0 0.735352 0.518201 0.103516 0.102335
0 0.917969 0.516484 0.105469 0.101648
0 0.162598 0.694025 0.112305 0.100962
0 0.353516 0.697459 0.107422 0.096841
0 0.541016 0.695742 0.111328 0.097527
0 0.732422 0.694712 0.111328 0.094093
0 0.923340 0.694712 0.096680 0.095467
0 0.171387 0.874657 0.090820 0.092720
0 0.416504 0.874657 0.083008 0.099588
0 0.650879 0.878091 0.149414 0.063874
0 0.902344 0.877404 0.111328 0.109203
1 0.185547 0.422047 0.078125 0.028159
1 0.375977 0.422047 0.080078 0.028159
1 0.563477 0.422734 0.076172 0.028159
1 0.739258 0.422047 0.103516 0.028159
1 0.947266 0.422734 0.060547 0.028159
1 0.185059 0.606113 0.079102 0.028159
1 0.375977 0.606113 0.078125 0.026786
1 0.560059 0.606113 0.088867 0.028159
1 0.751465 0.606113 0.083008 0.026786
1 0.947266 0.606113 0.058594 0.028159
1 0.180176 0.788805 0.083008 0.029533
1 0.360352 0.786745 0.103516 0.029533
1 0.560059 0.788462 0.083008 0.027473
1 0.752930 0.788462 0.080078 0.027473
1 0.932129 0.788462 0.104492 0.030220
1 0.227051 0.971841 0.079102 0.027473
1 0.452637 0.971841 0.110352 0.027473
1 0.692383 0.971841 0.105469 0.028846
1 0.930176 0.972527 0.104492 0.031593
2 0.080078 0.350962 0.046875 0.017857
2 0.096680 0.385989 0.082031 0.053571
2 0.101562 0.424107 0.089844 0.022665
2 0.178223 0.398695 0.061523 0.011676
2 0.270996 0.361951 0.043945 0.016484
2 0.282715 0.392170 0.077148 0.042582
2 0.290527 0.424107 0.088867 0.021291
2 0.369141 0.398352 0.064453 0.012363
2 0.458984 0.361951 0.042969 0.016484
2 0.475098 0.391484 0.081055 0.043956
2 0.479980 0.424451 0.090820 0.021978
2 0.557617 0.398695 0.062500 0.013049
2 0.648438 0.339629 0.044922 0.017170
2 0.657227 0.375000 0.068359 0.053571
2 0.650879 0.419299 0.053711 0.032280
2 0.721680 0.398352 0.062500 0.010989
2 0.839844 0.362294 0.042969 0.015797
2 0.855469 0.391484 0.082031 0.042582
2 0.860840 0.424451 0.090820 0.021978
2 0.952148 0.398008 0.062500 0.013049
2 0.080078 0.534684 0.044922 0.017170
2 0.096191 0.570055 0.081055 0.053571
2 0.098145 0.607830 0.086914 0.021978
2 0.178223 0.582418 0.061523 0.012363
2 0.269531 0.534341 0.044922 0.016484
2 0.279297 0.569368 0.068359 0.053571
2 0.290039 0.607830 0.089844 0.021978
2 0.369629 0.582074 0.063477 0.013049
2 0.458984 0.545330 0.044922 0.016484
2 0.476562 0.575893 0.083984 0.043269
2 0.475098 0.608173 0.079102 0.021291
2 0.550293 0.582761 0.063477 0.013049
2 0.648438 0.534684 0.044922 0.017170
2 0.663574 0.570398 0.081055 0.052885
2 0.666504 0.607486 0.084961 0.021291
2 0.743164 0.583104 0.062500 0.012363
2 0.850586 0.534684 0.068359 0.017170
2 0.849121 0.569712 0.069336 0.052885
2 0.856445 0.607830 0.082031 0.021978
2 0.951660 0.583104 0.061523 0.012363
2 0.090332 0.728709 0.069336 0.016484
2 0.091309 0.759272 0.073242 0.041896
2 0.093750 0.791552 0.078125 0.021291
2 0.171387 0.765453 0.061523 0.013049
2 0.268066 0.739698 0.045898 0.016484
2 0.267578 0.758585 0.046875 0.021291
2 0.270020 0.785371 0.053711 0.032280
2 0.341797 0.765797 0.062500 0.012363
2 0.458984 0.707074 0.046875 0.017170
2 0.466309 0.747940 0.063477 0.064560
2 0.477539 0.791209 0.083984 0.020604
2 0.552734 0.765453 0.062500 0.013049
2 0.647949 0.707418 0.045898 0.016484
2 0.659180 0.747940 0.068359 0.063187
2 0.666504 0.790865 0.083008 0.021291
2 0.745605 0.764766 0.063477 0.013049
2 0.837891 0.717376 0.044922 0.017170
2 0.848633 0.747596 0.066406 0.041896
2 0.841309 0.785371 0.055664 0.033654
2 0.914551 0.765110 0.065430 0.010989
2 0.078613 0.923420 0.047852 0.015797
2 0.082520 0.947459 0.059570 0.030907
2 0.100098 0.974245 0.092773 0.021291
2 0.220703 0.948489 0.062500 0.012363
2 0.315430 0.934066 0.044922 0.016484
2 0.319336 0.952610 0.054688 0.020604
2 0.333984 0.974245 0.082031 0.021291
2 0.430176 0.948832 0.061523 0.011676
2 0.552246 0.923077 0.047852 0.016484
2 0.566406 0.947802 0.074219 0.031593
2 0.574219 0.974245 0.091797 0.022665
2 0.677734 0.948146 0.062500 0.011676
2 0.792480 0.889766 0.047852 0.017170
2 0.806641 0.930975 0.076172 0.065247
2 0.814453 0.973901 0.089844 0.020604
2 0.913574 0.948489 0.063477 0.013736
