0 0.133301 0.144918 0.202148 0.063187
0 0.365723 0.149382 0.174805 0.077610
0 0.603516 0.144918 0.160156 0.075549
0 0.860352 0.112981 0.166016 0.155907
0 0.107422 0.291896 0.156250 0.079670
0 0.310059 0.290179 0.141602 0.054258
0 0.483887 0.298077 0.165039 0.081044
0 0.692383 0.293613 0.126953 0.089973
0 0.866211 0.301168 0.091797 0.107830
0 0.105469 0.447459 0.154297 0.051511
0 0.292969 0.444712 0.154297 0.073489
0 0.492676 0.449863 0.100586 0.101648
0 0.633301 0.477679 0.084961 0.111951
0 0.864258 0.444025 0.156250 0.084478
0 0.068848 0.628091 0.096680 0.100962
0 0.320801 0.599245 0.114258 0.063874
0 0.515137 0.598558 0.108398 0.088599
0 0.695801 0.596841 0.125977 0.092033
0 0.822754 0.611951 0.083008 0.094780
0 0.375977 0.769918 0.046875 0.107143
0 0.562012 0.771635 0.065430 0.111951
0 0.829102 0.764080 0.126953 0.069368
0 0.377930 0.916896 0.074219 0.098901
0 0.577637 0.913462 0.069336 0.093407
0 0.784180 0.907624 0.048828 0.122940
1 0.201172 0.219437 0.076172 0.029533
1 0.435059 0.219437 0.086914 0.029533
1 0.678223 0.218407 0.069336 0.028846
1 0.907715 0.216003 0.098633 0.036401
1 0.133301 0.370536 0.102539 0.028159
1 0.327637 0.369849 0.100586 0.029533
1 0.527344 0.370536 0.076172 0.028159
1 0.706543 0.370536 0.102539 0.029533
1 0.911133 0.368819 0.076172 0.028846
1 0.146973 0.519231 0.081055 0.030220
1 0.339844 0.519918 0.078125 0.028846
1 0.522461 0.519918 0.091797 0.028846
1 0.718262 0.520948 0.083008 0.028159
1 0.900391 0.518887 0.095703 0.028159
1 0.152344 0.671016 0.070312 0.027473
1 0.326172 0.670330 0.105469 0.027473
1 0.529297 0.667926 0.076172 0.028159
1 0.709473 0.670330 0.100586 0.027473
1 0.898438 0.669299 0.101562 0.028159
1 0.470215 0.819025 0.075195 0.028159
1 0.664551 0.819712 0.102539 0.028159
1 0.876465 0.817308 0.092773 0.028846
1 0.470215 0.957418 0.081055 0.024725
1 0.666504 0.955701 0.098633 0.026786
1 0.886719 0.955014 0.074219 0.028159
2 0.046875 0.193681 0.046875 0.016484
2 0.066895 0.218750 0.088867 0.032280
2 0.296875 0.195055 0.074219 0.016484
2 0.293457 0.219093 0.075195 0.031593
2 0.521484 0.184066 0.046875 0.016484
2 0.543457 0.213255 0.092773 0.041896
2 0.780273 0.184753 0.085938 0.020604
2 0.770508 0.214973 0.068359 0.041209
2 0.040527 0.334135 0.045898 0.017170
2 0.050781 0.363668 0.068359 0.044643
2 0.233398 0.311126 0.046875 0.017857
2 0.251465 0.341690 0.084961 0.040522
2 0.241699 0.373283 0.063477 0.022665
2 0.313477 0.347184 0.062500 0.011676
2 0.432617 0.355082 0.070312 0.016484
2 0.424316 0.374313 0.055664 0.020604
2 0.625977 0.311126 0.070312 0.017857
2 0.619629 0.339973 0.061523 0.041209
2 0.623047 0.372596 0.062500 0.024038
2 0.689453 0.346497 0.064453 0.011676
2 0.828613 0.333104 0.092773 0.017857
2 0.809082 0.363324 0.057617 0.043956
2 0.066406 0.493475 0.095703 0.017170
2 0.062012 0.518201 0.083008 0.032280
2 0.234863 0.494849 0.043945 0.015797
2 0.240723 0.518887 0.057617 0.032280
2 0.425293 0.482486 0.045898 0.015797
2 0.436035 0.501717 0.067383 0.021291
2 0.430176 0.523352 0.055664 0.020604
2 0.508789 0.495879 0.060547 0.010989
2 0.702148 0.429602 0.048828 0.017170
2 0.705078 0.448832 0.054688 0.019918
2 0.709473 0.470810 0.063477 0.021291
2 0.710449 0.497253 0.063477 0.010989
2 0.805176 0.494162 0.045898 0.015797
2 0.814941 0.518544 0.067383 0.031593
2 0.141113 0.572802 0.047852 0.016484
2 0.141113 0.597184 0.047852 0.032280
2 0.146484 0.624313 0.054688 0.020604
2 0.150391 0.647665 0.060547 0.012363
2 0.235352 0.622596 0.046875 0.015797
2 0.236328 0.646978 0.050781 0.031593
2 0.239746 0.673764 0.055664 0.020604
2 0.307129 0.648008 0.063477 0.011676
2 0.435547 0.611264 0.072266 0.017857
2 0.436523 0.651442 0.074219 0.063874
2 0.626953 0.633242 0.072266 0.016484
2 0.623535 0.663118 0.065430 0.041896
2 0.908203 0.576236 0.078125 0.015110
2 0.898926 0.616415 0.061523 0.065247
2 0.452148 0.751717 0.070312 0.018544
2 0.440430 0.772321 0.046875 0.022665
2 0.634277 0.740385 0.071289 0.017857
2 0.656738 0.776442 0.114258 0.054258
2 0.768066 0.780907 0.071289 0.016484
2 0.776855 0.811126 0.088867 0.042582
2 0.460449 0.853022 0.055664 0.013736
2 0.455566 0.882212 0.045898 0.043269
2 0.464844 0.908310 0.066406 0.010302
2 0.463379 0.929602 0.067383 0.029533
2 0.654785 0.875000 0.069336 0.017857
2 0.656250 0.895604 0.074219 0.021978
2 0.661621 0.913118 0.083008 0.011676
2 0.647949 0.930632 0.059570 0.019231
2 0.865723 0.886676 0.069336 0.017857
2 0.871582 0.907624 0.081055 0.021291
