0 0.143555 0.095124 0.113281 0.144918
0 0.339844 0.196429 0.033203 0.071429
0 0.469727 0.190591 0.033203 0.078984
0 0.666016 0.192308 0.033203 0.079670
0 0.848633 0.179602 0.050781 0.098214
0 0.110840 0.312157 0.057617 0.135302
0 0.273926 0.324863 0.059570 0.116758
0 0.494141 0.313874 0.058594 0.137363
0 0.687012 0.312157 0.059570 0.135302
0 0.881348 0.312157 0.057617 0.133929
0 0.127930 0.470124 0.050781 0.118819
0 0.341797 0.471841 0.046875 0.118132
0 0.591309 0.471841 0.051758 0.126374
0 0.836426 0.471154 0.055664 0.125000
0 0.157227 0.596841 0.154297 0.076923
0 0.353516 0.623970 0.060547 0.114698
0 0.584473 0.618819 0.049805 0.122253
0 0.827637 0.615385 0.055664 0.127747
0 0.110840 0.768201 0.055664 0.127060
0 0.341309 0.766484 0.057617 0.134615
0 0.594727 0.773352 0.101562 0.116758
0 0.841797 0.779190 0.095703 0.107830
0 0.121094 0.921360 0.060547 0.124313
0 0.292969 0.915179 0.089844 0.114698
0 0.494629 0.926168 0.036133 0.114698
0 0.671387 0.924451 0.051758 0.115385
0 0.846680 0.933723 0.041016 0.100962
1 0.185059 0.214629 0.094727 0.033654
1 0.407715 0.216690 0.067383 0.025412
1 0.595215 0.220124 0.083008 0.022665
1 0.776855 0.220467 0.041992 0.021978
1 0.921387 0.218407 0.081055 0.024725
1 0.185059 0.367102 0.073242 0.028159
1 0.362305 0.367102 0.101562 0.029533
1 0.565430 0.367102 0.074219 0.026786
1 0.756348 0.367102 0.075195 0.028159
1 0.949219 0.365385 0.072266 0.028846
1 0.229004 0.516484 0.051758 0.028846
1 0.466309 0.516827 0.079102 0.029533
1 0.690430 0.516484 0.105469 0.027473
1 0.926758 0.516484 0.105469 0.028846
1 0.211426 0.666896 0.112305 0.027473
1 0.460938 0.666896 0.082031 0.027473
1 0.688965 0.666896 0.116211 0.028846
1 0.921387 0.666896 0.114258 0.028846
1 0.212891 0.820742 0.082031 0.027473
1 0.452637 0.820742 0.108398 0.027473
1 0.702637 0.819025 0.081055 0.028159
1 0.947754 0.820742 0.069336 0.027473
1 0.187012 0.969437 0.067383 0.028159
1 0.371094 0.969437 0.080078 0.028159
1 0.560059 0.967720 0.086914 0.031593
1 0.758301 0.968407 0.067383 0.028846
1 0.937012 0.970124 0.092773 0.028159
2 0.388672 0.170330 0.046875 0.016484
2 0.405762 0.189560 0.081055 0.021978
2 0.094727 0.183036 0.082031 0.019918
2 0.517090 0.171016 0.045898 0.015110
2 0.520996 0.195055 0.055664 0.031593
2 0.521973 0.222184 0.053711 0.019918
2 0.580566 0.200206 0.049805 0.017170
2 0.713867 0.182005 0.044922 0.017857
2 0.717773 0.200206 0.054688 0.021291
2 0.718262 0.222871 0.053711 0.021291
2 0.776855 0.199176 0.049805 0.017857
2 0.901855 0.148695 0.040039 0.014423
2 0.908203 0.164835 0.052734 0.016484
2 0.906250 0.183723 0.048828 0.018544
2 0.906738 0.201236 0.049805 0.009615
2 0.168945 0.284341 0.044922 0.016484
2 0.176758 0.302885 0.062500 0.020604
2 0.173828 0.319368 0.056641 0.010989
2 0.179199 0.342376 0.061523 0.021291
2 0.341797 0.296703 0.044922 0.016484
2 0.363281 0.321772 0.089844 0.029533
2 0.550293 0.280220 0.045898 0.016484
2 0.562988 0.299451 0.069336 0.019231
2 0.555664 0.320742 0.054688 0.020604
2 0.555664 0.344093 0.062500 0.010989
2 0.754883 0.261332 0.074219 0.026786
2 0.753418 0.294643 0.069336 0.037088
2 0.747559 0.324519 0.057617 0.018544
2 0.750977 0.344093 0.060547 0.010989
2 0.085449 0.213599 0.067383 0.037088
2 0.937988 0.272665 0.045898 0.019231
2 0.944336 0.297734 0.060547 0.029533
2 0.941895 0.324519 0.055664 0.019918
2 0.946777 0.343750 0.061523 0.010302
2 0.192383 0.433379 0.044922 0.016484
2 0.202148 0.452266 0.068359 0.021291
2 0.206055 0.469093 0.074219 0.012363
2 0.233398 0.491071 0.060547 0.020604
2 0.419434 0.434409 0.045898 0.017170
2 0.437988 0.459135 0.083008 0.030907
2 0.661133 0.433379 0.046875 0.016484
2 0.671387 0.452266 0.065430 0.019918
2 0.679199 0.474245 0.083008 0.021291
2 0.670410 0.493132 0.061523 0.010989
2 0.915039 0.427541 0.070312 0.013049
2 0.907715 0.445398 0.055664 0.019918
2 0.908203 0.467376 0.054688 0.019918
2 0.907227 0.493475 0.062500 0.011676
2 0.078125 0.629121 0.046875 0.017857
2 0.095215 0.653846 0.083008 0.030220
2 0.096191 0.675137 0.083008 0.013736
2 0.196777 0.641484 0.079102 0.021978
2 0.445312 0.565934 0.056641 0.031593
2 0.446777 0.597871 0.059570 0.032280
2 0.447266 0.624657 0.056641 0.022665
2 0.451660 0.643887 0.061523 0.011676
2 0.656250 0.565934 0.046875 0.019231
2 0.668945 0.596154 0.072266 0.041209
2 0.674316 0.634272 0.083008 0.036401
2 0.884277 0.587912 0.040039 0.015110
2 0.905762 0.606456 0.083008 0.020604
2 0.896484 0.634959 0.062500 0.035027
2 0.195312 0.749313 0.093750 0.017857
2 0.178223 0.768544 0.057617 0.021978
2 0.202637 0.796016 0.063477 0.023352
2 0.422852 0.727679 0.048828 0.017170
2 0.426758 0.752404 0.054688 0.030907
2 0.426758 0.774038 0.056641 0.010989
2 0.430176 0.795673 0.061523 0.021291
2 0.696289 0.724588 0.072266 0.017857
2 0.702148 0.750343 0.083984 0.030907
2 0.703125 0.770948 0.082031 0.010302
2 0.692871 0.793269 0.063477 0.021978
2 0.928711 0.730769 0.048828 0.019231
2 0.938477 0.750000 0.066406 0.020604
2 0.931641 0.771635 0.054688 0.021291
2 0.947754 0.797047 0.063477 0.010302
2 0.184082 0.898695 0.047852 0.017170
2 0.188477 0.923077 0.054688 0.032967
2 0.367676 0.895948 0.045898 0.017170
2 0.372070 0.914835 0.056641 0.019231
2 0.546387 0.880838 0.047852 0.017170
2 0.549805 0.900069 0.054688 0.021291
2 0.554688 0.922047 0.062500 0.019918
2 0.547852 0.945398 0.056641 0.011676
2 0.756348 0.890453 0.069336 0.015797
2 0.753418 0.914835 0.065430 0.031593
2 0.938965 0.870536 0.083008 0.029533
2 0.936035 0.901442 0.079102 0.032280
2 0.929688 0.929258 0.064453 0.020604
2 0.922852 0.946085 0.064453 0.011676
