0 0.058594 0.176289 0.068359 0.110653
0 0.260254 0.174227 0.086914 0.113402
0 0.440430 0.183849 0.078125 0.099656
0 0.643555 0.176976 0.031250 0.113402
0 0.896973 0.087629 0.104492 0.154639
0 0.070801 0.325773 0.049805 0.111340
0 0.266602 0.330928 0.044922 0.101031
0 0.424805 0.322337 0.048828 0.118213
0 0.640137 0.323368 0.051758 0.120275
0 0.803223 0.325086 0.047852 0.115464
0 0.053223 0.467010 0.067383 0.129897
0 0.308594 0.445361 0.107422 0.089347
0 0.488770 0.445361 0.133789 0.064605
0 0.681641 0.440206 0.121094 0.072165
0 0.865723 0.447423 0.135742 0.063230
0 0.102051 0.592440 0.143555 0.064605
0 0.288086 0.597251 0.126953 0.093471
0 0.499512 0.601375 0.110352 0.101718
0 0.669434 0.600687 0.088867 0.098969
0 0.816895 0.623024 0.079102 0.116151
0 0.068848 0.775945 0.071289 0.111340
0 0.294922 0.748454 0.091797 0.090722
0 0.444336 0.773540 0.076172 0.118900
0 0.672852 0.756014 0.152344 0.079725
0 0.871094 0.754983 0.128906 0.081787
0 0.115723 0.897595 0.143555 0.056357
0 0.249512 0.935052 0.084961 0.101031
0 0.440430 0.934021 0.080078 0.103093
0 0.625977 0.934708 0.083984 0.098969
0 0.818848 0.928522 0.059570 0.108591
1 0.148926 0.219931 0.075195 0.028866
1 0.343262 0.219931 0.067383 0.028866
1 0.525879 0.219244 0.083008 0.027491
1 0.716797 0.220962 0.076172 0.026804
1 0.909180 0.215808 0.082031 0.034364
1 0.145508 0.371478 0.074219 0.028179
1 0.339844 0.368385 0.074219 0.028866
1 0.511719 0.370447 0.111328 0.027491
1 0.714844 0.370103 0.082031 0.028179
1 0.890137 0.369416 0.112305 0.028179
1 0.138672 0.518900 0.095703 0.028866
1 0.337891 0.519244 0.078125 0.028179
1 0.527344 0.520275 0.080078 0.028866
1 0.719727 0.519244 0.070312 0.028179
1 0.909668 0.519588 0.069336 0.027491
1 0.146973 0.669759 0.079102 0.026804
1 0.336914 0.670447 0.080078 0.028179
1 0.515137 0.670790 0.106445 0.028866
1 0.716797 0.668385 0.076172 0.028179
1 0.902344 0.668729 0.085938 0.027491
1 0.152344 0.820962 0.068359 0.026804
1 0.332520 0.820962 0.100586 0.028179
1 0.530762 0.820275 0.077148 0.028179
1 0.716309 0.819931 0.077148 0.028866
1 0.907227 0.820962 0.076172 0.026804
1 0.145508 0.970103 0.083984 0.028179
1 0.334473 0.972509 0.081055 0.027491
1 0.528809 0.972509 0.075195 0.027491
1 0.712891 0.971478 0.087891 0.028179
1 0.909180 0.970790 0.076172 0.026804
2 0.138672 0.141581 0.070312 0.017869
2 0.130859 0.166667 0.056641 0.032302
2 0.343750 0.115120 0.068359 0.018557
2 0.336426 0.145017 0.057617 0.042612
2 0.339844 0.178007 0.064453 0.021993
2 0.341309 0.197251 0.061523 0.012371
2 0.518555 0.138832 0.068359 0.016495
2 0.512207 0.157732 0.055664 0.019931
2 0.523926 0.179381 0.081055 0.021993
2 0.518066 0.196907 0.063477 0.011684
2 0.707520 0.128522 0.083008 0.016495
2 0.693359 0.152234 0.056641 0.030928
2 0.710449 0.179381 0.088867 0.021993
2 0.709961 0.198282 0.062500 0.011684
2 0.817383 0.141581 0.085938 0.020619
2 0.823242 0.172852 0.103516 0.037801
2 0.798828 0.212027 0.052734 0.040550
2 0.911621 0.186598 0.077148 0.014433
2 0.141602 0.264605 0.068359 0.017869
2 0.135254 0.294845 0.055664 0.042612
2 0.138672 0.327835 0.064453 0.021993
2 0.141113 0.348110 0.063477 0.013058
2 0.318848 0.286254 0.045898 0.017182
2 0.334961 0.306186 0.082031 0.021306
2 0.324219 0.328179 0.054688 0.022680
2 0.333496 0.346735 0.063477 0.013058
2 0.479004 0.280069 0.045898 0.017182
2 0.481934 0.304124 0.055664 0.030928
2 0.496094 0.325430 0.083984 0.011684
2 0.489746 0.344674 0.065430 0.021306
2 0.698242 0.290378 0.046875 0.017182
2 0.707520 0.308935 0.067383 0.019931
2 0.714844 0.325086 0.082031 0.012371
2 0.707031 0.344330 0.064453 0.021993
2 0.857910 0.290722 0.047852 0.017869
2 0.861816 0.309278 0.055664 0.021993
2 0.875000 0.336770 0.082031 0.034364
2 0.113770 0.447766 0.047852 0.017182
2 0.122559 0.472165 0.063477 0.031615
2 0.229004 0.485223 0.045898 0.016495
2 0.251953 0.509966 0.093750 0.031615
2 0.419922 0.473883 0.044922 0.017182
2 0.440430 0.503780 0.083984 0.042612
2 0.426270 0.530928 0.057617 0.011684
2 0.523926 0.495533 0.071289 0.021993
2 0.613770 0.472852 0.045898 0.016495
2 0.632812 0.502062 0.083984 0.041924
2 0.619141 0.528866 0.056641 0.013058
2 0.720703 0.493471 0.070312 0.021993
2 0.800781 0.472852 0.044922 0.016495
2 0.819824 0.502405 0.084961 0.042612
2 0.806152 0.528866 0.055664 0.011684
2 0.910645 0.494158 0.071289 0.023368
2 0.078125 0.634708 0.113281 0.017182
2 0.063477 0.664261 0.083984 0.040550
2 0.254883 0.645017 0.091797 0.017182
2 0.244141 0.669416 0.074219 0.031615
2 0.414551 0.624055 0.045898 0.016495
2 0.421387 0.658763 0.059570 0.052921
2 0.610352 0.640893 0.044922 0.017182
2 0.621094 0.665636 0.066406 0.032302
2 0.882812 0.569072 0.046875 0.016495
2 0.897949 0.598969 0.079102 0.043299
2 0.896484 0.637113 0.074219 0.032990
2 0.152344 0.736082 0.070312 0.017869
2 0.144531 0.754983 0.056641 0.021306
2 0.145020 0.776289 0.055664 0.021306
2 0.149414 0.797938 0.064453 0.010997
2 0.234863 0.785911 0.047852 0.033677
2 0.233398 0.808247 0.046875 0.009622
2 0.238770 0.823711 0.057617 0.021306
2 0.313965 0.795189 0.063477 0.020619
2 0.517090 0.755326 0.043945 0.015120
2 0.518555 0.774227 0.054688 0.022680
2 0.611328 0.804467 0.044922 0.015808
2 0.630859 0.823368 0.085938 0.021993
2 0.802734 0.794158 0.046875 0.015808
2 0.812500 0.818213 0.066406 0.032302
2 0.043945 0.925086 0.048828 0.032990
2 0.061035 0.952234 0.081055 0.021306
2 0.047852 0.974227 0.056641 0.021306
2 0.136230 0.945361 0.065430 0.021306
2 0.315430 0.892784 0.044922 0.016495
2 0.333984 0.911340 0.082031 0.021993
2 0.333984 0.939519 0.082031 0.032990
2 0.508301 0.891065 0.045898 0.015808
2 0.524414 0.908591 0.080078 0.021993
2 0.515625 0.930928 0.060547 0.019931
2 0.523926 0.948454 0.063477 0.010997
2 0.712891 0.888660 0.082031 0.030241
2 0.700195 0.920962 0.056641 0.031615
2 0.895508 0.897251 0.085938 0.014433
2 0.876465 0.921649 0.045898 0.032990
