0 0.520020 0.380495 0.475586 0.140110
0 0.247559 0.576580 0.493164 0.186126
0 0.779297 0.541896 0.441406 0.192308
0 0.152344 0.841690 0.302734 0.154533
0 0.400879 0.773352 0.256836 0.129121
0 0.591309 0.882212 0.276367 0.125687
0 0.808594 0.764080 0.382812 0.187500
1 0.833008 0.404190 0.074219 0.030907
1 0.278809 0.435440 0.055664 0.027473
1 0.488770 0.646635 0.077148 0.028159
1 0.306641 0.892514 0.058594 0.029533
1 0.407227 0.892514 0.074219 0.029533
1 0.560547 0.777473 0.054688 0.027473
1 0.844727 0.876374 0.076172 0.028846
2 0.186523 0.427541 0.064453 0.024038
2 0.174805 0.445742 0.041016 0.010989
2 0.823730 0.362637 0.065430 0.026099
2 0.810059 0.379464 0.041992 0.008929
2 0.404785 0.638736 0.067383 0.026099
2 0.394531 0.656593 0.042969 0.010989
2 0.565430 0.743819 0.068359 0.013736
2 0.555176 0.754808 0.041992 0.009615
2 0.228027 0.890453 0.067383 0.011676
2 0.217285 0.902129 0.041992 0.008929
2 0.407715 0.857486 0.083008 0.013049
2 0.387695 0.869162 0.042969 0.008929
2 0.843750 0.844093 0.083984 0.013736
2 0.825195 0.855769 0.041016 0.009615
