0 0.310547 0.224245 0.142578 0.089973
0 0.502930 0.220124 0.125000 0.118819
0 0.707520 0.218407 0.102539 0.116758
0 0.907715 0.221154 0.100586 0.116758
0 0.318848 0.393201 0.125977 0.080357
0 0.515137 0.393201 0.112305 0.092720
0 0.653809 0.420330 0.104492 0.119505
0 0.846680 0.420330 0.093750 0.122253
0 0.317383 0.580701 0.150391 0.103709
0 0.133301 0.717720 0.108398 0.142857
0 0.411133 0.694712 0.167969 0.083104
0 0.579102 0.578297 0.126953 0.108516
0 0.829590 0.578297 0.127930 0.111264
0 0.650391 0.695742 0.146484 0.100275
0 0.818848 0.724245 0.104492 0.128434
0 0.326172 0.907624 0.074219 0.066621
0 0.672852 0.872940 0.173828 0.076923
0 0.837891 0.907624 0.107422 0.128434
1 0.341797 0.305288 0.105469 0.028159
1 0.537598 0.305288 0.088867 0.028159
1 0.729004 0.306319 0.104492 0.027473
1 0.930176 0.305288 0.092773 0.028159
1 0.352051 0.469437 0.079102 0.026786
1 0.546387 0.469093 0.090820 0.028846
1 0.746094 0.469093 0.076172 0.028846
1 0.933594 0.470124 0.074219 0.028159
1 0.449219 0.621223 0.101562 0.026786
1 0.701172 0.622253 0.105469 0.027473
1 0.930176 0.622253 0.090820 0.027473
1 0.242676 0.777473 0.100586 0.027473
1 0.475098 0.777473 0.100586 0.027473
1 0.699219 0.777473 0.103516 0.027473
1 0.930176 0.777473 0.102539 0.027473
1 0.369629 0.957418 0.069336 0.023352
1 0.723633 0.960852 0.076172 0.027473
1 0.935547 0.960852 0.076172 0.027473
2 0.240723 0.268201 0.049805 0.017170
2 0.257812 0.287431 0.082031 0.021291
2 0.248047 0.309066 0.064453 0.021978
2 0.334473 0.282967 0.061523 0.012363
2 0.430664 0.279876 0.046875 0.017170
2 0.449707 0.304258 0.086914 0.031593
2 0.628906 0.247596 0.070312 0.017170
2 0.621094 0.281593 0.056641 0.053571
2 0.638672 0.315247 0.089844 0.012363
2 0.824707 0.257898 0.069336 0.017170
2 0.823730 0.287431 0.067383 0.041896
2 0.834961 0.314560 0.089844 0.012363
2 0.924805 0.279533 0.080078 0.021978
2 0.257812 0.423077 0.066406 0.016484
2 0.263184 0.452610 0.083008 0.041209
2 0.267578 0.479739 0.087891 0.011676
2 0.349609 0.442995 0.078125 0.020604
2 0.439941 0.423077 0.067383 0.016484
2 0.451172 0.447459 0.095703 0.030907
2 0.449707 0.474588 0.090820 0.021978
2 0.535645 0.445398 0.063477 0.011676
2 0.742676 0.377404 0.069336 0.015797
2 0.745605 0.402129 0.075195 0.032280
2 0.748047 0.424107 0.083984 0.010302
2 0.742188 0.443681 0.064453 0.020604
2 0.927734 0.367788 0.070312 0.017170
2 0.927734 0.398008 0.074219 0.041896
2 0.932617 0.425481 0.082031 0.010302
2 0.930664 0.443338 0.080078 0.019918
2 0.434082 0.533654 0.069336 0.016484
2 0.438477 0.552885 0.082031 0.021978
2 0.430176 0.574863 0.063477 0.021978
2 0.430176 0.598214 0.063477 0.012363
2 0.684570 0.533997 0.068359 0.015797
2 0.683594 0.557349 0.068359 0.032280
2 0.693848 0.590659 0.090820 0.031593
2 0.921387 0.534341 0.069336 0.016484
2 0.919434 0.558379 0.069336 0.032967
2 0.931641 0.584821 0.089844 0.021291
2 0.917969 0.601305 0.060547 0.011676
2 0.228516 0.692308 0.070312 0.016484
2 0.232910 0.710852 0.081055 0.020604
2 0.238281 0.726305 0.089844 0.010302
2 0.225098 0.751717 0.065430 0.021291
2 0.353516 0.741758 0.085938 0.030220
2 0.365234 0.767514 0.109375 0.021291
2 0.356445 0.783997 0.089844 0.010302
2 0.456055 0.751374 0.064453 0.020604
2 0.573730 0.736951 0.069336 0.015110
2 0.586426 0.762019 0.094727 0.030907
2 0.583496 0.783997 0.090820 0.011676
2 0.681641 0.751717 0.064453 0.019918
2 0.912598 0.691964 0.069336 0.017170
2 0.917969 0.710508 0.080078 0.018544
2 0.922363 0.726992 0.088867 0.011676
2 0.909668 0.751717 0.063477 0.019918
2 0.252930 0.928571 0.039062 0.015110
2 0.280762 0.948832 0.096680 0.025412
2 0.269531 0.966003 0.068359 0.008929
2 0.371094 0.934753 0.066406 0.019231
2 0.611816 0.922734 0.045898 0.017170
2 0.617676 0.947115 0.059570 0.031593
2 0.630371 0.968750 0.083008 0.011676
2 0.718750 0.934409 0.062500 0.021291
2 0.933594 0.882212 0.068359 0.017170
2 0.925781 0.906250 0.052734 0.032280
