0 0.602051 0.199863 0.188477 0.070055
0 0.852051 0.229396 0.180664 0.079670
0 0.419434 0.319712 0.145508 0.052885
0 0.588379 0.333448 0.131836 0.069368
0 0.733887 0.337569 0.088867 0.083104
0 0.909180 0.328984 0.111328 0.072802
0 0.501465 0.459135 0.153320 0.051511
0 0.667969 0.467720 0.144531 0.064560
0 0.820801 0.512363 0.092773 0.060440
0 0.475098 0.635646 0.086914 0.111951
0 0.688965 0.612981 0.151367 0.051511
0 0.888672 0.611951 0.136719 0.049451
0 0.157715 0.810440 0.090820 0.092033
0 0.159668 0.896635 0.100586 0.057005
0 0.405762 0.786058 0.180664 0.052885
0 0.422852 0.900069 0.154297 0.062500
0 0.646973 0.789492 0.143555 0.058379
0 0.603516 0.900069 0.160156 0.058379
0 0.810547 0.786745 0.091797 0.046016
0 0.873047 0.900069 0.144531 0.073489
1 0.663086 0.268201 0.076172 0.028159
1 0.403809 0.393201 0.067383 0.028159
1 0.621094 0.396635 0.097656 0.028159
1 0.780762 0.396635 0.051758 0.028159
1 0.938477 0.396635 0.070312 0.028159
1 0.544434 0.530220 0.055664 0.028846
1 0.721680 0.529190 0.056641 0.028159
1 0.914551 0.529190 0.081055 0.028159
1 0.567383 0.681319 0.078125 0.028846
1 0.744141 0.680632 0.097656 0.028846
1 0.924805 0.679602 0.054688 0.028159
1 0.911133 0.268201 0.076172 0.028159
1 0.251465 0.845124 0.081055 0.026786
1 0.468262 0.843407 0.055664 0.027473
1 0.674805 0.844093 0.056641 0.028846
1 0.907227 0.843750 0.074219 0.028159
1 0.271973 0.970124 0.073242 0.028159
1 0.476562 0.969437 0.083984 0.028159
1 0.699219 0.971154 0.074219 0.028846
1 0.911133 0.970124 0.082031 0.028159
0 0.250977 0.896635 0.083984 0.058379
0 0.716309 0.900069 0.063477 0.058379
0 0.812012 0.834135 0.094727 0.046016
2 0.537109 0.238668 0.052734 0.013049
2 0.557129 0.264423 0.094727 0.038462
2 0.747070 0.248626 0.035156 0.012363
2 0.789062 0.269231 0.121094 0.028846
2 0.385254 0.348901 0.036133 0.012363
2 0.405762 0.364698 0.077148 0.019231
2 0.505859 0.347527 0.035156 0.013736
2 0.521484 0.377747 0.066406 0.046703
2 0.526855 0.406593 0.077148 0.010989
2 0.595703 0.372596 0.052734 0.018544
2 0.700195 0.377747 0.052734 0.012363
2 0.708496 0.396978 0.071289 0.027473
2 0.840820 0.358516 0.054688 0.013736
2 0.851562 0.378777 0.076172 0.026786
2 0.852539 0.402473 0.078125 0.017857
2 0.924316 0.377060 0.047852 0.010989
2 0.417480 0.480082 0.036133 0.013736
2 0.450195 0.501030 0.101562 0.026786
2 0.440430 0.529876 0.082031 0.028159
2 0.538086 0.505151 0.054688 0.017170
2 0.618164 0.518887 0.035156 0.013049
2 0.636230 0.535027 0.071289 0.017857
2 0.905762 0.461538 0.057617 0.013736
2 0.908203 0.476305 0.066406 0.018544
2 0.914551 0.499657 0.077148 0.028159
2 0.544922 0.614698 0.037109 0.012363
2 0.559082 0.629464 0.063477 0.017170
2 0.562988 0.651786 0.071289 0.026099
2 0.633789 0.650755 0.035156 0.013049
2 0.647461 0.671360 0.064453 0.028159
2 0.654297 0.690591 0.078125 0.010302
2 0.720703 0.655563 0.050781 0.018544
2 0.828613 0.641484 0.034180 0.012363
2 0.845215 0.662431 0.069336 0.028159
2 0.846191 0.686126 0.071289 0.017857
2 0.920410 0.660714 0.047852 0.010989
2 0.238770 0.765797 0.053711 0.012363
2 0.247559 0.786058 0.073242 0.026786
2 0.234863 0.814560 0.047852 0.027473
2 0.339844 0.808379 0.050781 0.012363
2 0.353516 0.826580 0.082031 0.026786
2 0.336426 0.850275 0.049805 0.017857
2 0.546387 0.781593 0.051758 0.012363
2 0.566895 0.819025 0.094727 0.061126
2 0.555664 0.854396 0.072266 0.009615
2 0.896484 0.765110 0.050781 0.012363
2 0.912598 0.785027 0.084961 0.028846
2 0.908203 0.814217 0.076172 0.028159
2 0.111328 0.932005 0.054688 0.012363
2 0.463867 0.823146 0.046875 0.010302
2 0.689453 0.819025 0.083984 0.018544
2 0.157227 0.960852 0.146484 0.045330
2 0.353516 0.924794 0.052734 0.013049
2 0.373535 0.948832 0.094727 0.035027
2 0.354492 0.974931 0.056641 0.018544
2 0.459961 0.949519 0.046875 0.008929
2 0.548828 0.940934 0.035156 0.013736
2 0.573242 0.961195 0.085938 0.028159
2 0.577637 0.980426 0.094727 0.010302
2 0.780273 0.924451 0.035156 0.013736
2 0.803711 0.947459 0.082031 0.035027
2 0.801758 0.973901 0.078125 0.019231
2 0.894043 0.950893 0.047852 0.010302
