0 0.546387 0.102062 0.081055 0.072165
0 0.223633 0.249141 0.187500 0.084536
0 0.233887 0.322337 0.166992 0.092096
0 0.240723 0.420275 0.176758 0.110653
0 0.817383 0.246735 0.189453 0.105842
0 0.615723 0.250172 0.211914 0.125086
0 0.542969 0.352921 0.195312 0.094158
0 0.712891 0.390722 0.167969 0.156014
0 0.104004 0.563574 0.102539 0.092096
0 0.254883 0.573196 0.123047 0.074227
0 0.404297 0.570103 0.138672 0.062543
0 0.558594 0.600344 0.056641 0.099656
0 0.904297 0.598969 0.058594 0.040550
0 0.827637 0.587973 0.106445 0.050172
0 0.749512 0.594845 0.063477 0.048797
0 0.091797 0.749485 0.097656 0.123024
0 0.327637 0.745361 0.151367 0.129897
0 0.575684 0.745361 0.077148 0.125773
0 0.794922 0.754983 0.107422 0.110653
0 0.127930 0.879038 0.109375 0.085223
0 0.297852 0.886942 0.142578 0.069416
0 0.469727 0.887629 0.169922 0.079038
0 0.667969 0.887629 0.148438 0.077663
0 0.883301 0.878351 0.108398 0.075601
1 0.468262 0.257045 0.073242 0.028866
1 0.575684 0.438488 0.073242 0.028866
1 0.907715 0.321306 0.055664 0.028179
1 0.869141 0.438832 0.056641 0.028179
1 0.645020 0.636082 0.100586 0.026804
1 0.435059 0.637801 0.069336 0.027491
1 0.284180 0.637801 0.078125 0.028866
1 0.134766 0.637457 0.078125 0.026804
1 0.195801 0.795533 0.094727 0.028179
1 0.451172 0.793471 0.093750 0.026804
1 0.672852 0.793814 0.095703 0.028866
1 0.895508 0.795533 0.074219 0.028179
1 0.154297 0.956701 0.076172 0.028866
1 0.332520 0.956014 0.075195 0.028866
1 0.525391 0.957045 0.076172 0.026804
1 0.721680 0.955670 0.076172 0.026804
1 0.902344 0.956014 0.080078 0.028866
2 0.546387 0.160825 0.088867 0.041237
2 0.155762 0.217182 0.055664 0.021993
2 0.178223 0.353952 0.069336 0.012371
2 0.365723 0.458763 0.083008 0.010309
2 0.402344 0.258076 0.056641 0.028179
2 0.501465 0.442612 0.069336 0.020619
2 0.826172 0.320619 0.046875 0.028179
2 0.791504 0.438488 0.059570 0.028866
2 0.057129 0.622337 0.067383 0.017182
2 0.056641 0.640893 0.066406 0.021306
2 0.210938 0.612715 0.046875 0.014433
2 0.211426 0.635739 0.047852 0.031615
2 0.369629 0.621993 0.067383 0.016495
2 0.363770 0.641237 0.055664 0.020619
2 0.638672 0.572165 0.091797 0.014433
2 0.638184 0.595189 0.092773 0.034364
2 0.829102 0.616151 0.093750 0.008935
2 0.754883 0.624742 0.091797 0.009622
2 0.911133 0.625086 0.050781 0.014433
2 0.169922 0.706873 0.044922 0.017182
2 0.173340 0.738832 0.055664 0.042612
2 0.437012 0.722337 0.069336 0.031615
2 0.435547 0.749485 0.070312 0.019931
2 0.655762 0.719588 0.069336 0.017869
2 0.648926 0.738144 0.055664 0.019244
2 0.892090 0.720962 0.069336 0.016495
2 0.890137 0.746048 0.067383 0.029553
2 0.051270 0.911340 0.045898 0.031615
2 0.065430 0.944674 0.076172 0.032302
2 0.067383 0.965292 0.082031 0.011684
2 0.157227 0.930241 0.078125 0.021306
2 0.235840 0.908935 0.047852 0.017182
2 0.240723 0.943986 0.057617 0.052921
2 0.409180 0.930928 0.046875 0.017182
2 0.430176 0.954639 0.090820 0.031615
2 0.602051 0.940893 0.045898 0.016495
2 0.624512 0.960825 0.092773 0.020619
2 0.808594 0.886598 0.076172 0.013746
2 0.810547 0.927148 0.080078 0.064605
2 0.816895 0.965636 0.088867 0.010997
2 0.902344 0.930241 0.078125 0.021306
