0 0.895508 0.085223 0.105469 0.134708
0 0.063965 0.178007 0.069336 0.105842
0 0.244629 0.180069 0.069336 0.107216
0 0.432129 0.176632 0.069336 0.108591
0 0.624512 0.178007 0.077148 0.105842
0 0.103516 0.295876 0.111328 0.081787
0 0.289551 0.293471 0.124023 0.067354
0 0.430176 0.329210 0.041992 0.104467
0 0.633301 0.329553 0.083008 0.103780
0 0.806641 0.330241 0.076172 0.103780
0 0.129395 0.454983 0.114258 0.104467
0 0.312012 0.449141 0.092773 0.103780
0 0.483887 0.446392 0.098633 0.091409
0 0.704590 0.453952 0.098633 0.098282
0 0.863770 0.446048 0.120117 0.074227
0 0.057129 0.619931 0.071289 0.125086
0 0.319336 0.597251 0.095703 0.098969
0 0.447266 0.621993 0.099609 0.120962
0 0.633301 0.621306 0.088867 0.122337
0 0.900391 0.599656 0.083984 0.106529
0 0.117676 0.749141 0.086914 0.105842
0 0.247559 0.782818 0.041992 0.101718
0 0.450684 0.769072 0.100586 0.118213
0 0.778809 0.751890 0.069336 0.096220
0 0.903809 0.758763 0.073242 0.086598
0 0.046387 0.926804 0.055664 0.113402
0 0.201172 0.930928 0.050781 0.107904
0 0.364258 0.926117 0.064453 0.117526
0 0.532715 0.910997 0.053711 0.102405
0 0.718262 0.883505 0.090820 0.069416
0 0.893555 0.887973 0.095703 0.074227
1 0.148438 0.219244 0.074219 0.028866
1 0.337891 0.219588 0.076172 0.026804
1 0.528809 0.219588 0.077148 0.028179
1 0.718262 0.219244 0.075195 0.028866
1 0.896973 0.215808 0.102539 0.037113
1 0.147461 0.369072 0.076172 0.027491
1 0.337402 0.369072 0.081055 0.027491
1 0.513184 0.368729 0.100586 0.026804
1 0.722168 0.369072 0.084961 0.027491
1 0.894531 0.368729 0.089844 0.028179
1 0.135254 0.519931 0.100586 0.026804
1 0.324219 0.520619 0.103516 0.026804
1 0.527344 0.520619 0.074219 0.028179
1 0.716797 0.520619 0.076172 0.028179
1 0.909180 0.519931 0.074219 0.026804
1 0.143555 0.669759 0.076172 0.026804
1 0.343262 0.670790 0.069336 0.028866
1 0.534668 0.669759 0.069336 0.026804
1 0.719727 0.669416 0.074219 0.028866
1 0.907227 0.669072 0.076172 0.028179
1 0.133301 0.819931 0.104492 0.028866
1 0.334961 0.820275 0.080078 0.026804
1 0.532227 0.816838 0.060547 0.026804
1 0.796387 0.823368 0.059570 0.021993
1 0.914551 0.823368 0.057617 0.021993
1 0.113770 0.971134 0.077148 0.027491
1 0.270508 0.970103 0.080078 0.028179
1 0.430176 0.972509 0.077148 0.028866
1 0.598633 0.971134 0.068359 0.028866
1 0.751465 0.971134 0.065430 0.027491
1 0.911133 0.972165 0.068359 0.028179
2 0.133789 0.130584 0.054688 0.015120
2 0.136719 0.160481 0.058594 0.043299
2 0.329102 0.140893 0.095703 0.016495
2 0.329590 0.165636 0.098633 0.032990
2 0.520996 0.130928 0.092773 0.017182
2 0.507812 0.160137 0.068359 0.042612
2 0.706055 0.131959 0.074219 0.015120
2 0.700195 0.156357 0.066406 0.033677
2 0.693848 0.178007 0.051758 0.008247
2 0.713867 0.193814 0.064453 0.020619
2 0.811523 0.131271 0.062500 0.041237
2 0.824219 0.172509 0.089844 0.042612
2 0.807617 0.214433 0.056641 0.041237
2 0.888184 0.185911 0.083008 0.017182
2 0.045410 0.342612 0.055664 0.014433
2 0.052246 0.365979 0.069336 0.032302
2 0.245605 0.342955 0.069336 0.016495
2 0.251465 0.361856 0.081055 0.021306
2 0.252441 0.378007 0.083008 0.010997
2 0.328613 0.342955 0.063477 0.021993
2 0.485840 0.291409 0.045898 0.016495
2 0.495117 0.326804 0.068359 0.052921
2 0.707520 0.281100 0.055664 0.013746
2 0.721191 0.304467 0.084961 0.030241
2 0.712402 0.337113 0.067383 0.033677
2 0.877441 0.280756 0.055664 0.014433
2 0.897461 0.304124 0.097656 0.030928
2 0.882324 0.337113 0.067383 0.033677
2 0.053223 0.484536 0.069336 0.016495
2 0.047852 0.513746 0.060547 0.041924
2 0.233398 0.492784 0.048828 0.017869
2 0.240234 0.517526 0.062500 0.030241
2 0.433105 0.483849 0.067383 0.016495
2 0.439453 0.513402 0.083984 0.042612
2 0.622559 0.484192 0.069336 0.017182
2 0.627441 0.513402 0.081055 0.041237
2 0.802734 0.494502 0.046875 0.017182
2 0.816895 0.518557 0.075195 0.032302
2 0.124023 0.557045 0.046875 0.017182
2 0.137695 0.593471 0.078125 0.054296
2 0.141113 0.625430 0.084961 0.012371
2 0.146973 0.642955 0.079102 0.021306
2 0.234375 0.622680 0.046875 0.016495
2 0.250488 0.657732 0.083008 0.054983
2 0.524414 0.558076 0.046875 0.019244
2 0.527344 0.588660 0.058594 0.043299
2 0.534180 0.632646 0.066406 0.044674
2 0.707031 0.593471 0.048828 0.018557
2 0.717773 0.618557 0.070312 0.031615
2 0.814941 0.621649 0.069336 0.017182
2 0.813477 0.657045 0.070312 0.053608
2 0.042480 0.785223 0.047852 0.033677
2 0.049805 0.818213 0.062500 0.032302
2 0.312988 0.723024 0.071289 0.019244
2 0.313965 0.764261 0.073242 0.063230
2 0.520508 0.715808 0.035156 0.025430
2 0.527832 0.745361 0.053711 0.032302
2 0.525391 0.774914 0.048828 0.025430
2 0.534668 0.793127 0.061523 0.010997
2 0.732910 0.795189 0.036133 0.026117
2 0.740723 0.821649 0.053711 0.025430
2 0.848633 0.786942 0.039062 0.027491
2 0.857422 0.817182 0.054688 0.034364
2 0.115723 0.881443 0.069336 0.017182
2 0.114258 0.911684 0.070312 0.043299
2 0.264160 0.892096 0.069336 0.016495
2 0.262695 0.916838 0.068359 0.031615
2 0.428711 0.870103 0.070312 0.017869
2 0.426758 0.895189 0.068359 0.032302
2 0.424316 0.932990 0.065430 0.043299
2 0.597168 0.859794 0.069336 0.016495
2 0.589355 0.889691 0.053711 0.041924
2 0.596680 0.933677 0.070312 0.043299
2 0.685547 0.921649 0.070312 0.017869
2 0.684570 0.945704 0.068359 0.030241
2 0.678223 0.972509 0.055664 0.021993
2 0.750977 0.946392 0.064453 0.021993
2 0.831543 0.914777 0.047852 0.034364
2 0.842773 0.947766 0.070312 0.031615
2 0.911621 0.945361 0.063477 0.021306
2 0.835449 0.975601 0.055664 0.021306
