0 0.318848 0.302062 0.291992 0.074914
0 0.381348 0.359794 0.096680 0.043299
0 0.553223 0.327148 0.166992 0.057732
0 0.699219 0.328866 0.136719 0.062543
0 0.872559 0.458076 0.110352 0.051546
0 0.281250 0.493471 0.140625 0.067354
0 0.481934 0.483849 0.182617 0.072852
0 0.687012 0.486942 0.124023 0.088660
0 0.854004 0.615808 0.229492 0.193814
0 0.131348 0.764605 0.131836 0.065292
0 0.273438 0.758763 0.146484 0.050859
0 0.437012 0.757045 0.163086 0.058419
0 0.603516 0.754296 0.148438 0.059794
0 0.638672 0.757732 0.029297 0.052921
0 0.742676 0.759794 0.127930 0.065292
0 0.874512 0.759794 0.131836 0.065292
0 0.581055 0.362543 0.072266 0.033677
0 0.730469 0.360481 0.072266 0.036426
1 0.380371 0.410309 0.079102 0.028866
1 0.577637 0.408591 0.075195 0.029553
1 0.728516 0.408591 0.072266 0.029553
1 0.346680 0.546392 0.074219 0.028866
1 0.525879 0.547079 0.102539 0.031615
1 0.712891 0.549141 0.074219 0.028866
1 0.153809 0.809278 0.073242 0.029553
1 0.305176 0.809278 0.073242 0.029553
1 0.475586 0.808247 0.080078 0.028866
1 0.636719 0.810997 0.082031 0.028866
1 0.780762 0.809278 0.055664 0.029553
1 0.922852 0.809622 0.054688 0.028866
0 0.492676 0.759107 0.030273 0.050172
0 0.353516 0.502062 0.044922 0.046048
0 0.534668 0.503093 0.053711 0.038488
0 0.614258 0.514433 0.044922 0.046048
2 0.249512 0.401031 0.073242 0.046048
2 0.504883 0.410997 0.058594 0.027491
2 0.661133 0.410997 0.050781 0.027491
2 0.238770 0.553265 0.059570 0.019244
2 0.433594 0.545361 0.072266 0.037801
2 0.500977 0.529210 0.048828 0.009622
2 0.616211 0.551890 0.046875 0.019244
2 0.098145 0.814433 0.041992 0.019244
2 0.235352 0.810309 0.068359 0.028866
2 0.388672 0.802062 0.078125 0.043986
2 0.462891 0.789691 0.048828 0.009622
2 0.560059 0.802062 0.071289 0.045361
2 0.621094 0.789691 0.048828 0.009622
2 0.706055 0.817526 0.046875 0.018557
2 0.837891 0.816151 0.042969 0.017182
2 0.365723 0.390034 0.045898 0.008935
