0 0.688477 0.154533 0.091797 0.081044
0 0.520508 0.152473 0.097656 0.078297
0 0.596680 0.144918 0.087891 0.065934
0 0.438477 0.383929 0.126953 0.090659
0 0.659180 0.390110 0.078125 0.085165
0 0.183594 0.499657 0.166016 0.096841
0 0.412598 0.519918 0.137695 0.130495
0 0.641602 0.514080 0.138672 0.128434
0 0.869141 0.516484 0.183594 0.138736
0 0.161133 0.688874 0.201172 0.054945
0 0.392090 0.693338 0.159180 0.095467
0 0.635254 0.695742 0.208008 0.093407
0 0.871094 0.690591 0.216797 0.059753
0 0.159180 0.860577 0.216797 0.054945
0 0.400391 0.872253 0.113281 0.108516
0 0.634766 0.860234 0.214844 0.052885
0 0.886719 0.882212 0.091797 0.138049
1 0.329102 0.420330 0.078125 0.031593
1 0.749512 0.419299 0.098633 0.030907
1 0.221680 0.601992 0.091797 0.028159
1 0.466797 0.602679 0.074219 0.029533
1 0.704102 0.601648 0.076172 0.028846
1 0.929688 0.602679 0.101562 0.028159
1 0.230469 0.784341 0.074219 0.028846
1 0.466797 0.783997 0.076172 0.029533
1 0.704590 0.784341 0.081055 0.030220
1 0.941895 0.784341 0.077148 0.030220
1 0.230469 0.967376 0.076172 0.029533
1 0.466797 0.967376 0.074219 0.028159
1 0.687012 0.968407 0.112305 0.030220
1 0.940430 0.968407 0.074219 0.028846
2 0.176270 0.391484 0.047852 0.016484
2 0.215820 0.416552 0.130859 0.035027
2 0.571289 0.351305 0.083984 0.015797
2 0.574219 0.391484 0.091797 0.063187
2 0.558594 0.429945 0.058594 0.012363
2 0.738281 0.393201 0.074219 0.024038
2 0.074707 0.565247 0.043945 0.016484
2 0.116699 0.589629 0.127930 0.030907
2 0.112305 0.611951 0.121094 0.012363
2 0.312988 0.575893 0.043945 0.015797
2 0.330566 0.600618 0.081055 0.032280
2 0.574219 0.586882 0.091797 0.015797
2 0.562012 0.605426 0.069336 0.019918
2 0.788086 0.587225 0.044922 0.015110
2 0.804688 0.605426 0.082031 0.022665
2 0.100586 0.769918 0.091797 0.016484
2 0.076660 0.789148 0.047852 0.021978
2 0.314941 0.759272 0.047852 0.015797
2 0.345703 0.783310 0.109375 0.030907
2 0.551758 0.748283 0.046875 0.017170
2 0.562988 0.777129 0.071289 0.043269
2 0.788574 0.747940 0.045898 0.016484
2 0.801270 0.771291 0.073242 0.031593
2 0.793457 0.792926 0.055664 0.011676
2 0.087402 0.919643 0.069336 0.016484
2 0.082031 0.955014 0.058594 0.055632
2 0.346680 0.942308 0.115234 0.017857
2 0.335938 0.966346 0.093750 0.031593
2 0.577637 0.939560 0.088867 0.016484
2 0.566406 0.957074 0.066406 0.018544
2 0.573242 0.973214 0.083984 0.012363
2 0.662598 0.941964 0.063477 0.022665
2 0.801758 0.928228 0.066406 0.017170
2 0.797852 0.958448 0.058594 0.041896
