0 0.131836 0.273540 0.111328 0.089347
0 0.284180 0.272165 0.113281 0.086598
0 0.435059 0.273196 0.116211 0.081787
0 0.593262 0.351546 0.120117 0.145017
0 0.767090 0.495189 0.239258 0.145017
0 0.833008 0.228179 0.228516 0.153952
0 0.181641 0.761856 0.289062 0.124399
0 0.422852 0.769416 0.236328 0.123024
0 0.419922 0.910997 0.246094 0.117526
0 0.837891 0.797251 0.318359 0.144330
1 0.121094 0.389691 0.072266 0.028866
1 0.263184 0.390722 0.057617 0.026804
1 0.419434 0.391409 0.051758 0.026804
1 0.127930 0.920619 0.056641 0.028179
1 0.587891 0.793471 0.052734 0.026804
1 0.588379 0.920275 0.055664 0.026117
1 0.869629 0.921306 0.055664 0.026804
2 0.127930 0.345017 0.089844 0.041237
2 0.282227 0.345704 0.095703 0.041237
2 0.433594 0.344330 0.087891 0.042612
2 0.740723 0.379725 0.086914 0.033677
2 0.883301 0.340206 0.106445 0.037113
2 0.761719 0.614777 0.105469 0.033677
2 0.152344 0.886598 0.107422 0.027491
2 0.603516 0.752234 0.089844 0.043299
2 0.793457 0.914777 0.071289 0.041237
2 0.611816 0.887629 0.106445 0.029553
