0 0.148438 0.360481 0.132812 0.164261
0 0.298340 0.348110 0.178711 0.228866
0 0.593262 0.241581 0.141602 0.173883
0 0.841797 0.205155 0.220703 0.131271
0 0.852051 0.384536 0.217773 0.101031
0 0.458008 0.599656 0.103516 0.072165
0 0.693848 0.480756 0.131836 0.123024
0 0.572754 0.587629 0.067383 0.067354
0 0.803223 0.539519 0.131836 0.185567
0 0.084473 0.718900 0.124023 0.067354
0 0.228516 0.703436 0.136719 0.043299
0 0.381348 0.716495 0.081055 0.087285
0 0.509766 0.714433 0.138672 0.046048
0 0.680176 0.707904 0.137695 0.046735
0 0.867676 0.721306 0.155273 0.069416
0 0.103516 0.912371 0.113281 0.050172
0 0.263672 0.887973 0.126953 0.061856
0 0.410645 0.884536 0.131836 0.079725
0 0.546387 0.887629 0.108398 0.079038
0 0.683594 0.891753 0.121094 0.072165
0 0.819336 0.878007 0.044922 0.123024
1 0.142090 0.474227 0.051758 0.028866
1 0.444336 0.416838 0.093750 0.030928
1 0.716797 0.305155 0.089844 0.031615
1 0.923340 0.303093 0.051758 0.028866
1 0.694336 0.378351 0.076172 0.029553
1 0.640137 0.609966 0.053711 0.028179
1 0.700684 0.608591 0.053711 0.029553
1 0.905762 0.611340 0.077148 0.029553
1 0.119629 0.789691 0.057617 0.030241
1 0.275391 0.789691 0.052734 0.028866
1 0.403809 0.791065 0.053711 0.028866
1 0.572266 0.790378 0.076172 0.030241
1 0.721680 0.790034 0.076172 0.029553
1 0.916504 0.791753 0.077148 0.028866
1 0.146973 0.961512 0.051758 0.028866
1 0.303711 0.964605 0.048828 0.028179
1 0.452637 0.963918 0.067383 0.029553
1 0.585938 0.963574 0.066406 0.028866
1 0.727051 0.962887 0.067383 0.031615
1 0.895020 0.922337 0.075195 0.028866
2 0.836914 0.271821 0.037109 0.013058
2 0.856445 0.299313 0.076172 0.040550
2 0.682617 0.220962 0.023438 0.014433
2 0.701660 0.243299 0.061523 0.028866
2 0.702148 0.269416 0.062500 0.020619
2 0.694824 0.284536 0.047852 0.009622
2 0.425293 0.334021 0.053711 0.015120
2 0.437988 0.356357 0.083008 0.029553
2 0.436523 0.381787 0.080078 0.019931
2 0.422363 0.397251 0.047852 0.010997
2 0.060547 0.414433 0.076172 0.028866
2 0.064453 0.448454 0.082031 0.037801
2 0.051270 0.476632 0.055664 0.019931
2 0.139648 0.452921 0.048828 0.012371
2 0.600098 0.347079 0.055664 0.015120
2 0.610352 0.370790 0.076172 0.029553
2 0.620605 0.396564 0.096680 0.019244
2 0.686035 0.346735 0.051758 0.010309
2 0.683105 0.357732 0.049805 0.010309
2 0.622070 0.548110 0.023438 0.013058
2 0.636230 0.576289 0.047852 0.039175
2 0.702637 0.559450 0.053711 0.015120
2 0.698730 0.581443 0.051758 0.028866
2 0.896484 0.543643 0.054688 0.013746
2 0.909180 0.559794 0.082031 0.018557
2 0.904297 0.578351 0.074219 0.018557
2 0.892090 0.592440 0.047852 0.010997
2 0.050293 0.765292 0.051758 0.015808
2 0.053711 0.788660 0.060547 0.030928
2 0.173340 0.736426 0.036133 0.014433
2 0.197754 0.769416 0.084961 0.050172
2 0.179688 0.799656 0.050781 0.011684
2 0.274414 0.758763 0.052734 0.012371
2 0.272461 0.769416 0.044922 0.010309
2 0.334961 0.735395 0.050781 0.016495
2 0.339844 0.763574 0.062500 0.039863
2 0.332520 0.793471 0.049805 0.019931
2 0.400879 0.771821 0.045898 0.010997
2 0.470215 0.747079 0.063477 0.012371
2 0.477051 0.770103 0.081055 0.029553
2 0.478027 0.795189 0.083008 0.019244
2 0.550781 0.757732 0.042969 0.010309
2 0.555176 0.768041 0.045898 0.008935
2 0.649902 0.737113 0.069336 0.013058
2 0.647461 0.764605 0.066406 0.040550
2 0.642578 0.795189 0.056641 0.020619
2 0.714844 0.769072 0.048828 0.010997
2 0.817871 0.759794 0.055664 0.014433
2 0.820801 0.781443 0.061523 0.028866
2 0.832031 0.802749 0.080078 0.010997
2 0.898926 0.833333 0.086914 0.013058
2 0.893066 0.858419 0.073242 0.037113
2 0.887207 0.887973 0.063477 0.019244
2 0.880371 0.902405 0.047852 0.009622
2 0.043457 0.928522 0.038086 0.013746
2 0.067383 0.951203 0.087891 0.030241
2 0.070312 0.971478 0.089844 0.011684
2 0.208496 0.922337 0.034180 0.013746
2 0.220215 0.944330 0.059570 0.031615
2 0.233887 0.970103 0.084961 0.019931
2 0.300781 0.933333 0.048828 0.009622
2 0.300781 0.944674 0.048828 0.011684
2 0.349609 0.932302 0.035156 0.014433
2 0.374023 0.954639 0.085938 0.030241
2 0.359863 0.975258 0.055664 0.009622
2 0.447754 0.932990 0.059570 0.010309
2 0.441406 0.943299 0.048828 0.010309
2 0.519531 0.941237 0.058594 0.014433
2 0.520020 0.963918 0.059570 0.030928
2 0.657715 0.944330 0.071289 0.027491
2 0.659180 0.968041 0.072266 0.019931
