0 0.100098 0.179602 0.116211 0.105082
0 0.310059 0.173764 0.086914 0.118132
0 0.556641 0.177885 0.044922 0.111264
0 0.786133 0.124657 0.089844 0.217720
0 0.087891 0.327266 0.054688 0.110577
0 0.320801 0.319712 0.079102 0.127060
0 0.603516 0.304602 0.189453 0.072115
0 0.791016 0.323146 0.033203 0.117445
0 0.077637 0.474245 0.047852 0.118819
0 0.322266 0.471841 0.050781 0.119505
0 0.558594 0.478709 0.076172 0.107143
0 0.803711 0.471841 0.044922 0.123626
0 0.075684 0.621223 0.047852 0.125687
0 0.315430 0.622940 0.050781 0.120879
0 0.563965 0.621223 0.051758 0.128434
0 0.803223 0.624657 0.034180 0.117445
0 0.117188 0.751374 0.107422 0.093407
0 0.320801 0.751374 0.104492 0.093407
0 0.480469 0.749657 0.089844 0.096841
0 0.704590 0.747940 0.100586 0.094780
0 0.893555 0.746223 0.099609 0.091346
0 0.123047 0.894918 0.093750 0.093407
0 0.322266 0.895948 0.097656 0.092720
0 0.482422 0.896635 0.089844 0.089973
0 0.708008 0.898352 0.058594 0.056319
0 0.748047 0.904190 0.027344 0.046016
0 0.860352 0.897665 0.083984 0.089286
1 0.199219 0.220124 0.082031 0.028159
1 0.416504 0.220124 0.118164 0.028159
1 0.645020 0.221841 0.116211 0.027473
1 0.895508 0.216690 0.099609 0.035027
1 0.193848 0.369505 0.081055 0.027473
1 0.435547 0.369505 0.078125 0.027473
1 0.671387 0.369505 0.079102 0.027473
1 0.907715 0.368819 0.083008 0.028846
1 0.181641 0.520948 0.109375 0.028159
1 0.430176 0.518887 0.079102 0.028159
1 0.650879 0.520948 0.114258 0.028159
1 0.907715 0.520604 0.081055 0.026099
1 0.181641 0.671016 0.111328 0.027473
1 0.433594 0.671016 0.078125 0.027473
1 0.671387 0.671016 0.077148 0.027473
1 0.890137 0.671016 0.114258 0.027473
1 0.145508 0.819712 0.083984 0.026786
1 0.329102 0.819712 0.097656 0.026786
1 0.515137 0.821429 0.100586 0.026099
1 0.712891 0.819712 0.091797 0.026786
1 0.898926 0.820398 0.094727 0.026786
1 0.136719 0.970810 0.105469 0.028159
1 0.327637 0.970810 0.096680 0.028159
1 0.530762 0.971841 0.079102 0.027473
1 0.716797 0.963942 0.089844 0.029533
1 0.902344 0.971841 0.091797 0.027473
2 0.874023 0.129464 0.085938 0.019918
2 0.892578 0.159684 0.125000 0.039148
2 0.185547 0.135989 0.044922 0.017857
2 0.194824 0.155563 0.067383 0.021291
2 0.191895 0.184066 0.061523 0.035714
2 0.406738 0.124313 0.090820 0.017857
2 0.389648 0.148695 0.060547 0.030907
2 0.402344 0.169986 0.082031 0.011676
2 0.399414 0.194025 0.078125 0.022665
2 0.637207 0.109203 0.090820 0.016484
2 0.619629 0.143201 0.061523 0.050137
2 0.631836 0.178915 0.082031 0.021291
2 0.621094 0.198146 0.064453 0.011676
2 0.159180 0.276786 0.070312 0.016484
2 0.156738 0.301168 0.069336 0.030907
2 0.155762 0.328297 0.061523 0.020604
2 0.187012 0.346154 0.061523 0.010989
2 0.397949 0.299794 0.067383 0.017170
2 0.393555 0.323832 0.056641 0.030907
2 0.527344 0.355082 0.062500 0.013736
2 0.531738 0.372940 0.069336 0.021978
2 0.848145 0.264080 0.047852 0.018544
2 0.886230 0.293956 0.122070 0.042582
2 0.866699 0.321429 0.083008 0.010989
2 0.909180 0.343063 0.080078 0.022665
2 0.160645 0.423420 0.069336 0.017170
2 0.152832 0.448146 0.055664 0.030907
2 0.156738 0.474245 0.065430 0.022665
2 0.158691 0.496909 0.063477 0.011676
2 0.395020 0.422390 0.069336 0.016484
2 0.401855 0.447115 0.086914 0.031593
2 0.391113 0.473901 0.063477 0.021978
2 0.422363 0.495536 0.063477 0.011676
2 0.633301 0.422734 0.069336 0.017170
2 0.639160 0.447459 0.081055 0.030907
2 0.629883 0.474245 0.062500 0.021291
2 0.625977 0.496909 0.062500 0.011676
2 0.863281 0.434753 0.046875 0.017857
2 0.866699 0.453640 0.055664 0.021291
2 0.880859 0.469780 0.083984 0.012363
2 0.901855 0.494849 0.065430 0.021291
2 0.135742 0.588599 0.046875 0.017857
2 0.139648 0.607486 0.054688 0.019918
2 0.153809 0.623970 0.084961 0.011676
2 0.160645 0.645604 0.065430 0.020604
2 0.384277 0.601648 0.069336 0.017857
2 0.376953 0.627404 0.054688 0.030907
2 0.637695 0.607486 0.066406 0.015797
2 0.629883 0.626717 0.054688 0.021291
2 0.850098 0.577266 0.047852 0.017170
2 0.859375 0.602335 0.068359 0.031593
2 0.856445 0.628091 0.064453 0.021291
2 0.866211 0.647665 0.062500 0.012363
2 0.068848 0.794643 0.045898 0.016484
2 0.073730 0.819025 0.053711 0.030907
2 0.232910 0.750000 0.045898 0.016484
2 0.244629 0.786058 0.069336 0.052885
2 0.241699 0.824176 0.063477 0.021978
2 0.321777 0.792926 0.079102 0.021291
2 0.423828 0.794299 0.048828 0.013049
2 0.432617 0.817995 0.068359 0.031593
2 0.622070 0.746909 0.066406 0.017170
2 0.629395 0.783997 0.081055 0.057005
2 0.713379 0.793956 0.086914 0.021978
2 0.620117 0.824519 0.060547 0.021291
2 0.815430 0.750343 0.070312 0.015797
2 0.820312 0.785371 0.082031 0.054258
2 0.814941 0.823489 0.069336 0.021978
2 0.884277 0.797734 0.063477 0.011676
2 0.042969 0.912775 0.046875 0.016484
2 0.054199 0.941621 0.071289 0.042582
2 0.050781 0.974588 0.062500 0.021978
2 0.121094 0.945398 0.072266 0.022665
2 0.244629 0.923077 0.067383 0.017857
2 0.244141 0.947459 0.070312 0.030907
2 0.241211 0.974245 0.060547 0.021291
2 0.317871 0.945398 0.071289 0.021291
2 0.435547 0.933723 0.070312 0.017170
2 0.439941 0.958448 0.081055 0.030907
2 0.441895 0.980426 0.083008 0.011676
2 0.525391 0.945398 0.066406 0.021291
2 0.603516 0.903159 0.029297 0.010989
2 0.623047 0.922390 0.070312 0.024725
2 0.628418 0.958104 0.081055 0.043956
2 0.713379 0.938874 0.075195 0.021978
2 0.804688 0.934066 0.046875 0.016484
2 0.814453 0.963942 0.066406 0.043269
