0 0.180176 0.084135 0.182617 0.142170
0 0.344727 0.187157 0.109375 0.091346
0 0.633301 0.154190 0.190430 0.062500
0 0.820801 0.168613 0.067383 0.131181
0 0.133301 0.317995 0.059570 0.129121
0 0.355469 0.319712 0.066406 0.129808
0 0.598145 0.321429 0.100586 0.120879
0 0.875977 0.311470 0.197266 0.059753
0 0.171387 0.451580 0.168945 0.080357
0 0.344727 0.470124 0.107422 0.118819
0 0.631348 0.451580 0.151367 0.106456
0 0.869141 0.449863 0.128906 0.107143
0 0.171387 0.603709 0.176758 0.070055
0 0.394043 0.593407 0.178711 0.074176
0 0.653809 0.595124 0.161133 0.074863
0 0.822266 0.628091 0.111328 0.102335
0 0.105469 0.784341 0.105469 0.097527
0 0.394043 0.749657 0.178711 0.085852
0 0.638672 0.749657 0.158203 0.089973
0 0.872559 0.749657 0.161133 0.078984
0 0.117188 0.926168 0.128906 0.118819
0 0.416016 0.893201 0.148438 0.085852
0 0.629883 0.905907 0.136719 0.101648
0 0.822266 0.929602 0.111328 0.099588
1 0.230469 0.213255 0.097656 0.035027
1 0.452637 0.219437 0.104492 0.026786
1 0.704102 0.219437 0.076172 0.028159
1 0.941895 0.219437 0.077148 0.028159
1 0.219727 0.369505 0.093750 0.027473
1 0.466797 0.370536 0.080078 0.026786
1 0.704102 0.367788 0.076172 0.028159
1 0.944336 0.368819 0.076172 0.027473
1 0.227051 0.518887 0.079102 0.028159
1 0.464844 0.519918 0.080078 0.027473
1 0.690430 0.519918 0.105469 0.027473
1 0.942383 0.519918 0.078125 0.028846
1 0.214844 0.671016 0.105469 0.027473
1 0.466309 0.671016 0.083008 0.027473
1 0.688965 0.670330 0.112305 0.027473
1 0.928711 0.670330 0.107422 0.027473
1 0.216309 0.820742 0.104492 0.026099
1 0.466797 0.820742 0.078125 0.027473
1 0.691895 0.820742 0.104492 0.027473
1 0.944336 0.820742 0.076172 0.027473
1 0.228516 0.971841 0.076172 0.027473
1 0.452637 0.971841 0.106445 0.027473
1 0.704102 0.971841 0.080078 0.028846
1 0.926758 0.971841 0.113281 0.027473
2 0.112793 0.140453 0.116211 0.021291
2 0.114258 0.177541 0.123047 0.052885
2 0.094238 0.218063 0.079102 0.025412
2 0.219727 0.183036 0.076172 0.014423
2 0.427734 0.129121 0.048828 0.017857
2 0.430664 0.154533 0.054688 0.030220
2 0.450195 0.174794 0.089844 0.011676
2 0.433105 0.194368 0.065430 0.020604
2 0.563477 0.213255 0.066406 0.015797
2 0.573730 0.226648 0.086914 0.009615
2 0.898438 0.117788 0.066406 0.015797
2 0.910645 0.148352 0.092773 0.042582
2 0.908203 0.175137 0.083984 0.012363
2 0.944336 0.193338 0.080078 0.021291
2 0.206543 0.263736 0.069336 0.016484
2 0.201172 0.294299 0.064453 0.043269
2 0.198730 0.325549 0.055664 0.020604
2 0.204590 0.345467 0.063477 0.012363
2 0.439941 0.309409 0.092773 0.017170
2 0.420410 0.323146 0.055664 0.010302
2 0.687988 0.258585 0.071289 0.018544
2 0.694824 0.293613 0.086914 0.052885
2 0.694824 0.325549 0.083008 0.012363
2 0.703125 0.343407 0.070312 0.021978
2 0.790039 0.353709 0.046875 0.016484
2 0.806641 0.372940 0.082031 0.021978
2 0.098145 0.494505 0.086914 0.013736
2 0.086914 0.517857 0.068359 0.032967
2 0.438965 0.416209 0.069336 0.016484
2 0.454102 0.446772 0.101562 0.043269
2 0.432617 0.473558 0.056641 0.010302
2 0.467285 0.493475 0.079102 0.021291
2 0.575684 0.504808 0.090820 0.015110
2 0.556641 0.523352 0.054688 0.020604
2 0.801270 0.504121 0.067383 0.015110
2 0.806641 0.522665 0.082031 0.021978
2 0.078125 0.644231 0.044922 0.016484
2 0.095215 0.667926 0.081055 0.030907
2 0.350098 0.645604 0.116211 0.016484
2 0.324707 0.669299 0.067383 0.032280
2 0.552246 0.634615 0.045898 0.016484
2 0.576172 0.653159 0.095703 0.020604
2 0.560547 0.675481 0.064453 0.021291
2 0.665039 0.646635 0.062500 0.011676
2 0.919922 0.565591 0.068359 0.017170
2 0.916992 0.595124 0.066406 0.041896
2 0.916992 0.628434 0.062500 0.021978
2 0.910156 0.648008 0.064453 0.011676
2 0.209473 0.729052 0.092773 0.032280
2 0.204102 0.755838 0.082031 0.021291
2 0.194824 0.777816 0.061523 0.022665
2 0.194824 0.797734 0.063477 0.011676
2 0.314941 0.803915 0.047852 0.015797
2 0.331055 0.823489 0.082031 0.021978
2 0.552246 0.804258 0.045898 0.016484
2 0.565918 0.823489 0.075195 0.021978
2 0.789551 0.782280 0.045898 0.016484
2 0.803223 0.812500 0.073242 0.042582
2 0.210449 0.899038 0.045898 0.016484
2 0.215332 0.924451 0.059570 0.030220
2 0.326660 0.934066 0.069336 0.016484
2 0.324219 0.953297 0.068359 0.020604
2 0.336426 0.974931 0.088867 0.019918
2 0.433594 0.948146 0.060547 0.011676
2 0.552246 0.946429 0.045898 0.016484
2 0.570312 0.965316 0.082031 0.019918
2 0.557129 0.981113 0.055664 0.010302
2 0.698242 0.946429 0.064453 0.020604
2 0.931152 0.883585 0.098633 0.014423
2 0.909180 0.907280 0.054688 0.031593
2 0.911621 0.928915 0.053711 0.010302
2 0.904785 0.946429 0.061523 0.020604
