0 0.105469 0.126374 0.097656 0.212912
0 0.354004 0.176168 0.053711 0.111951
0 0.588379 0.168613 0.038086 0.124313
0 0.816895 0.174451 0.034180 0.115385
0 0.119141 0.323146 0.035156 0.120192
0 0.363770 0.320742 0.040039 0.123626
0 0.600586 0.315591 0.060547 0.133929
0 0.815430 0.323146 0.035156 0.116071
0 0.140137 0.471841 0.051758 0.120879
0 0.369141 0.474245 0.058594 0.118819
0 0.606934 0.473558 0.057617 0.116071
0 0.853516 0.474588 0.058594 0.118132
0 0.096680 0.630495 0.052734 0.108516
0 0.282227 0.626374 0.044922 0.115385
0 0.460938 0.633929 0.048828 0.100275
0 0.654297 0.628091 0.058594 0.107830
0 0.836426 0.639080 0.040039 0.074863
0 0.159180 0.753091 0.105469 0.107830
0 0.352051 0.753091 0.104492 0.103709
0 0.525391 0.751374 0.097656 0.108516
0 0.709473 0.739698 0.145508 0.079670
0 0.922852 0.742788 0.080078 0.088599
0 0.143555 0.904190 0.097656 0.109203
0 0.335938 0.907624 0.093750 0.096841
0 0.518555 0.890797 0.160156 0.065934
0 0.740723 0.898352 0.098633 0.094780
0 0.926758 0.900069 0.097656 0.100962
1 0.214844 0.214973 0.121094 0.034341
1 0.445801 0.219437 0.120117 0.028159
1 0.681641 0.218407 0.123047 0.027473
1 0.916504 0.218407 0.131836 0.027473
1 0.216797 0.369505 0.107422 0.027473
1 0.452637 0.370536 0.106445 0.026786
1 0.691895 0.368819 0.108398 0.028846
1 0.916504 0.370536 0.131836 0.026786
1 0.228516 0.518887 0.078125 0.026786
1 0.466797 0.519918 0.076172 0.027473
1 0.704102 0.519918 0.078125 0.027473
1 0.942383 0.518887 0.080078 0.026786
1 0.883301 0.665865 0.045898 0.017170
1 0.182617 0.670330 0.078125 0.027473
1 0.371094 0.670330 0.078125 0.027473
1 0.546387 0.670330 0.112305 0.027473
1 0.740723 0.668613 0.102539 0.029533
1 0.181641 0.820398 0.080078 0.026786
1 0.360840 0.819712 0.098633 0.026786
1 0.560547 0.820742 0.078125 0.026099
1 0.738770 0.820742 0.106445 0.027473
1 0.935059 0.819712 0.092773 0.028159
1 0.173340 0.970810 0.090820 0.028159
1 0.369629 0.970810 0.079102 0.028159
1 0.553711 0.970810 0.095703 0.028159
1 0.751465 0.970810 0.079102 0.028159
1 0.941895 0.970810 0.081055 0.028159
2 0.184082 0.110920 0.057617 0.019918
2 0.197266 0.134272 0.083984 0.025412
2 0.211914 0.155220 0.113281 0.013736
2 0.195312 0.184066 0.082031 0.027473
2 0.423828 0.127060 0.070312 0.016484
2 0.422363 0.151099 0.067383 0.030220
2 0.433594 0.172734 0.089844 0.013049
2 0.419434 0.193338 0.063477 0.019918
2 0.655273 0.116758 0.070312 0.017857
2 0.654297 0.146978 0.070312 0.042582
2 0.665527 0.173764 0.090820 0.012363
2 0.653809 0.194025 0.065430 0.021291
2 0.898926 0.134959 0.092773 0.015797
2 0.917969 0.154533 0.130859 0.020604
2 0.897461 0.176168 0.091797 0.022665
2 0.882812 0.195742 0.062500 0.010989
2 0.193848 0.269231 0.071289 0.017857
2 0.199707 0.300137 0.081055 0.042582
2 0.204590 0.326236 0.090820 0.010989
2 0.195312 0.343750 0.066406 0.021291
2 0.432129 0.272321 0.071289 0.017170
2 0.431152 0.297047 0.069336 0.030907
2 0.429199 0.324519 0.063477 0.021291
2 0.431152 0.346154 0.063477 0.010989
2 0.664551 0.287775 0.045898 0.016484
2 0.681641 0.317995 0.082031 0.042582
2 0.908203 0.275755 0.111328 0.014423
2 0.909668 0.299794 0.114258 0.030907
2 0.896484 0.321085 0.089844 0.011676
2 0.892578 0.343407 0.078125 0.021978
2 0.208008 0.450206 0.048828 0.018544
2 0.208008 0.469093 0.046875 0.021978
2 0.433105 0.450549 0.045898 0.016484
2 0.449707 0.468750 0.081055 0.019918
2 0.690430 0.422390 0.070312 0.016484
2 0.682129 0.446772 0.055664 0.032280
2 0.683594 0.474245 0.056641 0.021291
2 0.697266 0.496223 0.062500 0.010302
2 0.925781 0.462569 0.044922 0.015797
2 0.930664 0.480426 0.058594 0.019918
2 0.170898 0.588942 0.068359 0.017170
2 0.164062 0.607830 0.054688 0.020604
2 0.178223 0.623626 0.081055 0.010989
2 0.177246 0.644231 0.063477 0.020604
2 0.337402 0.596497 0.047852 0.015797
2 0.359863 0.620536 0.094727 0.032280
2 0.535645 0.583791 0.092773 0.016484
2 0.517090 0.602679 0.055664 0.021291
2 0.530762 0.624313 0.081055 0.020604
2 0.736328 0.597871 0.093750 0.017170
2 0.716797 0.617445 0.052734 0.020604
2 0.884766 0.630495 0.052734 0.012363
2 0.875488 0.644918 0.036133 0.016484
2 0.521484 0.646635 0.062500 0.011676
2 0.082031 0.783997 0.046875 0.032280
2 0.085449 0.817308 0.055664 0.031593
2 0.266602 0.775412 0.046875 0.032967
2 0.266113 0.797390 0.045898 0.009615
2 0.270020 0.818681 0.055664 0.031593
2 0.458496 0.804602 0.043945 0.014423
2 0.469238 0.823489 0.069336 0.020604
2 0.646484 0.783310 0.046875 0.017170
2 0.657227 0.812157 0.068359 0.041896
2 0.837402 0.775069 0.045898 0.032280
2 0.851562 0.801854 0.072266 0.019918
2 0.844727 0.823832 0.062500 0.021291
2 0.921875 0.796360 0.062500 0.010302
2 0.078613 0.943681 0.045898 0.016484
2 0.083008 0.968407 0.058594 0.031593
2 0.266602 0.944368 0.046875 0.017857
2 0.272461 0.969437 0.058594 0.030907
2 0.457520 0.944368 0.045898 0.017857
2 0.471680 0.969093 0.076172 0.032967
2 0.645508 0.903846 0.048828 0.016484
2 0.657715 0.936813 0.073242 0.052198
2 0.664062 0.973901 0.082031 0.021978
2 0.746094 0.947115 0.064453 0.012363
2 0.849121 0.923077 0.069336 0.016484
2 0.850098 0.947115 0.073242 0.031593
2 0.841797 0.974245 0.056641 0.021291
2 0.935547 0.947459 0.062500 0.011676
