0 0.273438 0.405907 0.218750 0.346154
0 0.516602 0.166896 0.152344 0.291209
0 0.786133 0.188874 0.166016 0.266484
0 0.568848 0.482830 0.157227 0.201923
0 0.287598 0.842720 0.211914 0.195055
0 0.584473 0.887363 0.153320 0.093407
0 0.678223 0.697459 0.155273 0.118819
0 0.896973 0.789492 0.159180 0.143544
1 0.417969 0.179602 0.072266 0.026786
1 0.657715 0.227679 0.053711 0.026786
1 0.140137 0.567995 0.073242 0.027473
1 0.706055 0.567308 0.099609 0.027473
1 0.535645 0.758242 0.102539 0.026099
1 0.456055 0.920330 0.103516 0.028846
1 0.709961 0.919299 0.076172 0.028159
1 0.926758 0.919299 0.099609 0.028159
2 0.303223 0.157624 0.059570 0.014423
2 0.321289 0.180632 0.095703 0.027473
2 0.658691 0.150412 0.057617 0.015110
2 0.669922 0.169299 0.080078 0.018544
2 0.660645 0.192995 0.063477 0.027473
2 0.123047 0.510646 0.039062 0.014423
2 0.143066 0.533997 0.079102 0.028159
2 0.695801 0.492788 0.077148 0.014423
2 0.696289 0.510302 0.080078 0.017857
2 0.682617 0.533997 0.054688 0.026786
2 0.424805 0.834821 0.039062 0.014423
2 0.439453 0.857486 0.068359 0.028159
2 0.442871 0.885646 0.075195 0.026786
2 0.502441 0.673077 0.038086 0.013736
2 0.539062 0.696772 0.111328 0.028159
2 0.521484 0.723901 0.078125 0.026099
2 0.711914 0.861264 0.083984 0.015110
2 0.715332 0.884272 0.090820 0.028159
2 0.818359 0.868132 0.039062 0.013736
2 0.830566 0.895261 0.065430 0.037775
2 0.824707 0.925137 0.053711 0.017857
2 0.899414 0.893887 0.046875 0.010302
