0 0.190430 0.095124 0.138672 0.161401
0 0.360352 0.172047 0.126953 0.100962
0 0.586426 0.170330 0.116211 0.104396
0 0.833008 0.172734 0.111328 0.114698
0 0.117676 0.321429 0.106445 0.118132
0 0.398438 0.293613 0.201172 0.074863
0 0.593262 0.323146 0.122070 0.114698
0 0.879395 0.291896 0.178711 0.075549
0 0.117676 0.477679 0.116211 0.109203
0 0.356934 0.482143 0.112305 0.105769
0 0.584473 0.481113 0.100586 0.105082
0 0.820801 0.477679 0.110352 0.111951
0 0.129395 0.622940 0.055664 0.125000
0 0.364258 0.618132 0.052734 0.133242
0 0.586426 0.621223 0.041992 0.125687
0 0.839844 0.618819 0.039062 0.131868
0 0.129883 0.775069 0.058594 0.116071
0 0.357422 0.766484 0.076172 0.134615
0 0.607422 0.766484 0.080078 0.130495
0 0.836426 0.769918 0.043945 0.126374
0 0.117676 0.897665 0.079102 0.085165
0 0.303711 0.929602 0.044922 0.114698
0 0.478516 0.922734 0.058594 0.128434
0 0.669434 0.927885 0.053711 0.114011
0 0.873047 0.925481 0.035156 0.121566
1 0.211426 0.216690 0.122070 0.035027
1 0.470215 0.220124 0.075195 0.026786
1 0.693848 0.220124 0.102539 0.026786
1 0.937500 0.220124 0.093750 0.028159
1 0.232422 0.370536 0.076172 0.026786
1 0.468262 0.368819 0.077148 0.027473
1 0.708008 0.370536 0.076172 0.028159
1 0.928223 0.370536 0.110352 0.028159
1 0.232422 0.520948 0.076172 0.028159
1 0.470215 0.521635 0.075195 0.028159
1 0.707520 0.519918 0.079102 0.027473
1 0.932129 0.520948 0.100586 0.028159
1 0.220215 0.670330 0.104492 0.027473
1 0.454102 0.670330 0.107422 0.027473
1 0.691895 0.670330 0.110352 0.028846
1 0.928711 0.670330 0.111328 0.027473
1 0.232422 0.820742 0.080078 0.026099
1 0.454590 0.819712 0.106445 0.026786
1 0.699219 0.820742 0.091797 0.027473
1 0.926270 0.820742 0.114258 0.027473
1 0.172852 0.971841 0.095703 0.027473
1 0.369629 0.973558 0.086914 0.028159
1 0.563965 0.971841 0.075195 0.027473
1 0.748047 0.973558 0.095703 0.028159
1 0.940430 0.973558 0.083984 0.028159
0 0.176270 0.911058 0.073242 0.083104
2 0.095215 0.170330 0.071289 0.017857
2 0.102051 0.199863 0.083008 0.038462
2 0.095215 0.226992 0.069336 0.013049
2 0.190430 0.183723 0.076172 0.026786
2 0.452637 0.152473 0.047852 0.016484
2 0.463379 0.171360 0.069336 0.021291
2 0.666016 0.152473 0.048828 0.016484
2 0.667969 0.171360 0.056641 0.022665
2 0.925293 0.111951 0.069336 0.019231
2 0.923340 0.144231 0.071289 0.042582
2 0.921387 0.176511 0.065430 0.021978
2 0.921875 0.196429 0.062500 0.012363
2 0.204102 0.297047 0.048828 0.017170
2 0.209473 0.322459 0.059570 0.032280
2 0.319336 0.321429 0.048828 0.017857
2 0.322266 0.351992 0.058594 0.041896
2 0.336426 0.378091 0.083008 0.011676
2 0.468262 0.343407 0.073242 0.023352
2 0.683594 0.286745 0.046875 0.015797
2 0.702637 0.315591 0.086914 0.043269
2 0.805176 0.332418 0.069336 0.016484
2 0.810547 0.356113 0.082031 0.030907
2 0.798340 0.378091 0.055664 0.011676
2 0.905762 0.344437 0.065430 0.021291
2 0.211426 0.416896 0.069336 0.016484
2 0.225098 0.447459 0.096680 0.043269
2 0.204590 0.474245 0.057617 0.011676
2 0.229004 0.493819 0.069336 0.020604
2 0.430176 0.418613 0.028320 0.015797
2 0.450684 0.448146 0.071289 0.043269
2 0.443848 0.481113 0.059570 0.021291
2 0.462891 0.497940 0.060547 0.012363
2 0.662598 0.427885 0.049805 0.017857
2 0.690430 0.451580 0.105469 0.032280
2 0.666504 0.475275 0.057617 0.010989
2 0.697266 0.493819 0.060547 0.021978
2 0.904297 0.427885 0.048828 0.016484
2 0.917969 0.450549 0.078125 0.032967
2 0.907715 0.474245 0.055664 0.010302
2 0.913086 0.493819 0.062500 0.020604
2 0.190430 0.600275 0.046875 0.016484
2 0.211426 0.624657 0.090820 0.030907
2 0.432129 0.586538 0.069336 0.017857
2 0.417969 0.607143 0.041016 0.021978
2 0.437012 0.627404 0.081055 0.022665
2 0.431641 0.646635 0.062500 0.011676
2 0.650879 0.569712 0.069336 0.017170
2 0.657227 0.599245 0.082031 0.041896
2 0.661133 0.626374 0.087891 0.010989
2 0.669922 0.644918 0.064453 0.020604
2 0.900391 0.565591 0.070312 0.017170
2 0.898926 0.595124 0.067383 0.041896
2 0.910645 0.627060 0.088867 0.021978
2 0.905762 0.646635 0.061523 0.011676
2 0.190430 0.738668 0.044922 0.017170
2 0.202637 0.769231 0.073242 0.042582
2 0.438965 0.749657 0.067383 0.015797
2 0.431641 0.773352 0.054688 0.031593
2 0.672852 0.749657 0.044922 0.017170
2 0.681641 0.774382 0.060547 0.032280
2 0.907715 0.714286 0.081055 0.030220
2 0.900879 0.745536 0.067383 0.030907
2 0.898438 0.771635 0.062500 0.019918
2 0.900391 0.797047 0.060547 0.010302
2 0.079102 0.936470 0.044922 0.015797
2 0.093262 0.964973 0.077148 0.042582
2 0.350586 0.889766 0.048828 0.017170
2 0.354004 0.908310 0.055664 0.019918
2 0.358887 0.929602 0.063477 0.021291
2 0.359375 0.948146 0.062500 0.011676
2 0.553223 0.907624 0.067383 0.017170
2 0.546387 0.927198 0.053711 0.020604
2 0.744629 0.867788 0.090820 0.017170
2 0.727539 0.898008 0.060547 0.041896
2 0.741699 0.929602 0.083008 0.021291
2 0.733887 0.949176 0.063477 0.012363
2 0.921387 0.890110 0.045898 0.015110
2 0.925293 0.908654 0.053711 0.020604
2 0.929688 0.929945 0.064453 0.020604
2 0.930664 0.949863 0.062500 0.010989
