0 0.176270 0.143201 0.125977 0.052885
0 0.305176 0.143201 0.124023 0.051511
0 0.437012 0.160371 0.122070 0.040522
0 0.685547 0.159341 0.119141 0.042582
0 0.919434 0.179602 0.098633 0.077610
0 0.145508 0.325893 0.162109 0.081731
0 0.313965 0.326580 0.163086 0.080357
0 0.471680 0.326580 0.138672 0.083104
0 0.733887 0.327266 0.086914 0.081731
0 0.929688 0.326580 0.093750 0.080357
0 0.121094 0.503091 0.121094 0.059753
0 0.229004 0.466690 0.088867 0.043269
0 0.324219 0.466690 0.093750 0.043269
0 0.459473 0.459135 0.086914 0.048764
0 0.572266 0.490385 0.050781 0.085165
0 0.716309 0.468407 0.124023 0.043956
0 0.885254 0.465659 0.088867 0.076923
0 0.117188 0.661745 0.119141 0.043269
0 0.419434 0.633929 0.127930 0.039835
0 0.659180 0.648352 0.115234 0.052198
0 0.881348 0.647321 0.104492 0.052885
0 0.152344 0.837569 0.091797 0.085852
0 0.301758 0.841003 0.087891 0.094093
0 0.470215 0.841690 0.100586 0.096841
0 0.664551 0.858860 0.118164 0.095467
0 0.799805 0.868819 0.144531 0.063187
0 0.928223 0.849588 0.098633 0.092033
1 0.204102 0.254121 0.060547 0.021978
1 0.333008 0.253091 0.062500 0.022665
0 0.367676 0.905220 0.092773 0.094780
0 0.549805 0.891484 0.101562 0.094780
1 0.587891 0.254121 0.060547 0.021978
1 0.829102 0.253091 0.060547 0.024038
1 0.945801 0.253091 0.063477 0.022665
1 0.356934 0.401099 0.059570 0.021978
1 0.634766 0.400069 0.060547 0.024038
1 0.812012 0.401099 0.059570 0.021978
1 0.959473 0.400069 0.049805 0.024038
1 0.134766 0.589286 0.060547 0.021978
1 0.223633 0.587569 0.060547 0.022665
1 0.341797 0.586538 0.066406 0.023352
1 0.492188 0.586882 0.062500 0.022665
1 0.622559 0.586882 0.063477 0.022665
1 0.742676 0.587225 0.063477 0.021978
1 0.947266 0.585852 0.062500 0.023352
1 0.235840 0.773008 0.063477 0.021291
1 0.483887 0.773008 0.061523 0.022665
1 0.725098 0.773352 0.063477 0.023352
1 0.943848 0.772321 0.090820 0.024038
1 0.209961 0.968407 0.060547 0.021978
1 0.388184 0.969437 0.059570 0.021291
1 0.557129 0.970124 0.088867 0.022665
1 0.666016 0.969437 0.060547 0.022665
1 0.780762 0.968407 0.061523 0.021978
1 0.924805 0.969437 0.085938 0.022665
0 0.176270 0.196429 0.122070 0.050824
0 0.306641 0.195742 0.123047 0.049451
0 0.558594 0.160714 0.119141 0.037088
0 0.438477 0.201580 0.121094 0.039148
0 0.560059 0.200893 0.122070 0.040522
0 0.803223 0.161058 0.114258 0.039148
0 0.687012 0.201580 0.118164 0.039148
0 0.804688 0.201580 0.115234 0.039148
0 0.610352 0.325549 0.138672 0.083791
0 0.822754 0.328297 0.086914 0.079670
0 0.229004 0.510646 0.088867 0.044643
0 0.324219 0.510646 0.091797 0.043269
0 0.416504 0.507212 0.084961 0.047390
0 0.503418 0.507212 0.084961 0.047390
0 0.621094 0.489354 0.048828 0.084478
0 0.716309 0.512019 0.120117 0.040522
0 0.834473 0.525069 0.090820 0.077610
0 0.931641 0.524382 0.087891 0.077610
0 0.233887 0.662088 0.114258 0.043956
0 0.115723 0.705701 0.114258 0.041896
0 0.231934 0.706044 0.118164 0.043956
0 0.358887 0.672047 0.122070 0.037775
0 0.358887 0.708104 0.122070 0.034341
0 0.480469 0.672047 0.117188 0.035027
0 0.482422 0.708448 0.123047 0.036401
0 0.606934 0.700893 0.114258 0.051511
0 0.720215 0.699863 0.112305 0.049451
0 0.831055 0.699863 0.099609 0.052198
0 0.933594 0.700893 0.105469 0.051511
0 0.105469 0.898352 0.093750 0.086538
0 0.202637 0.896635 0.096680 0.088599
2 0.140137 0.231113 0.055664 0.013049
2 0.139648 0.250687 0.054688 0.024725
2 0.268066 0.231456 0.036133 0.012363
2 0.270996 0.251030 0.045898 0.025412
2 0.397461 0.222871 0.037109 0.013049
2 0.424805 0.246909 0.093750 0.033654
2 0.655762 0.223214 0.043945 0.010989
2 0.662598 0.246909 0.057617 0.033654
2 0.897461 0.231456 0.054688 0.012363
2 0.890625 0.251030 0.044922 0.025412
2 0.101562 0.380495 0.056641 0.010989
2 0.118164 0.400069 0.089844 0.025412
2 0.435059 0.380838 0.057617 0.011676
2 0.439941 0.400069 0.069336 0.026786
2 0.715332 0.379464 0.036133 0.013049
2 0.736328 0.399382 0.078125 0.025412
2 0.897949 0.370879 0.055664 0.015110
2 0.907715 0.386676 0.077148 0.016484
2 0.901855 0.404190 0.063477 0.017170
2 0.083008 0.556662 0.054688 0.011676
2 0.073242 0.571772 0.039062 0.015797
2 0.077148 0.589286 0.046875 0.017857
2 0.130371 0.570398 0.047852 0.010302
2 0.208984 0.538462 0.056641 0.012363
2 0.220215 0.558379 0.079102 0.026099
2 0.293945 0.547734 0.054688 0.013049
2 0.288574 0.566621 0.045898 0.026099
2 0.337891 0.567995 0.050781 0.009615
2 0.287598 0.588599 0.043945 0.016484
2 0.416504 0.539148 0.055664 0.012363
2 0.440918 0.563187 0.104492 0.034341
2 0.486816 0.568338 0.051758 0.010302
2 0.410645 0.588599 0.045898 0.017857
2 0.562988 0.540179 0.040039 0.010302
2 0.577148 0.562843 0.068359 0.035027
2 0.565430 0.589286 0.044922 0.017857
2 0.617188 0.568338 0.048828 0.010302
2 0.678223 0.548077 0.036133 0.013736
2 0.680664 0.572459 0.044922 0.035027
2 0.681641 0.593407 0.044922 0.009615
2 0.741211 0.566277 0.056641 0.017170
2 0.811035 0.556319 0.057617 0.015110
2 0.842285 0.580014 0.124023 0.035027
2 0.093750 0.725618 0.056641 0.013049
2 0.124023 0.753777 0.119141 0.043269
2 0.098633 0.779876 0.066406 0.008929
2 0.236328 0.752060 0.058594 0.017857
2 0.321777 0.751030 0.038086 0.014423
2 0.369629 0.771635 0.131836 0.025412
2 0.568359 0.734547 0.037109 0.013049
2 0.606934 0.757898 0.116211 0.033654
2 0.583496 0.779876 0.067383 0.010302
2 0.727539 0.751717 0.064453 0.017170
2 0.820312 0.742788 0.078125 0.011676
2 0.816895 0.762019 0.073242 0.026786
2 0.804688 0.780220 0.044922 0.009615
2 0.085449 0.948146 0.055664 0.013049
2 0.098145 0.967376 0.083008 0.025412
2 0.930176 0.752404 0.055664 0.018544
2 0.266602 0.948146 0.019531 0.011676
2 0.300293 0.967033 0.090820 0.026099
2 0.448242 0.938874 0.037109 0.013736
2 0.463867 0.959135 0.068359 0.025412
2 0.462402 0.976305 0.065430 0.008929
2 0.547363 0.948146 0.063477 0.017170
2 0.663574 0.921016 0.055664 0.013736
2 0.673340 0.940591 0.077148 0.025412
2 0.777832 0.921016 0.055664 0.013736
2 0.787109 0.939904 0.076172 0.025412
2 0.926758 0.904533 0.091797 0.013736
2 0.923340 0.919986 0.086914 0.015797
2 0.913574 0.933379 0.067383 0.009615
2 0.907227 0.948489 0.052734 0.017857
