0 0.195801 0.345124 0.137695 0.122940
0 0.405762 0.308036 0.188477 0.149038
0 0.634766 0.302885 0.191406 0.156593
0 0.872559 0.323146 0.211914 0.122940
0 0.122559 0.624657 0.116211 0.199863
0 0.344727 0.626374 0.101562 0.199176
0 0.633301 0.580014 0.165039 0.127060
0 0.873047 0.602679 0.214844 0.069368
0 0.096680 0.874657 0.089844 0.220467
0 0.339844 0.886676 0.089844 0.201923
0 0.640137 0.851992 0.153320 0.146291
0 0.874512 0.871223 0.147461 0.128434
1 0.208008 0.439904 0.123047 0.043269
1 0.445801 0.439560 0.125977 0.045330
1 0.692383 0.440591 0.101562 0.044643
1 0.935547 0.439904 0.091797 0.044643
1 0.230469 0.703297 0.085938 0.045330
1 0.451172 0.701580 0.107422 0.047390
1 0.681641 0.702266 0.123047 0.044643
1 0.926758 0.703297 0.103516 0.045330
1 0.207520 0.962569 0.116211 0.046016
1 0.445801 0.963255 0.118164 0.046016
1 0.690430 0.962569 0.111328 0.046016
1 0.928711 0.963255 0.111328 0.046016
2 0.084473 0.372596 0.057617 0.021291
2 0.098633 0.424451 0.091797 0.079670
2 0.320312 0.344780 0.056641 0.016484
2 0.334961 0.388049 0.085938 0.067308
2 0.326172 0.441621 0.068359 0.039835
2 0.416992 0.407967 0.062500 0.010989
2 0.557617 0.346154 0.056641 0.019231
2 0.582520 0.409684 0.108398 0.106456
2 0.810547 0.400412 0.083984 0.019231
2 0.823730 0.436470 0.116211 0.052885
2 0.220703 0.571772 0.058594 0.021291
2 0.228516 0.615385 0.078125 0.065934
2 0.440430 0.571429 0.087891 0.020604
2 0.435059 0.607830 0.079102 0.053571
2 0.448242 0.642514 0.103516 0.014423
2 0.437500 0.664835 0.078125 0.020604
2 0.574707 0.674107 0.086914 0.021291
2 0.563477 0.704327 0.068359 0.039148
2 0.796387 0.661401 0.055664 0.019231
2 0.814941 0.691277 0.096680 0.037775
2 0.819824 0.718407 0.102539 0.013736
2 0.908203 0.664492 0.064453 0.022665
2 0.192871 0.855082 0.086914 0.020604
2 0.196289 0.885989 0.097656 0.041209
2 0.414551 0.855426 0.057617 0.019918
2 0.419922 0.878434 0.070312 0.026099
2 0.437988 0.899382 0.102539 0.015797
2 0.419434 0.924107 0.061523 0.022665
2 0.558594 0.934753 0.056641 0.020604
2 0.580078 0.964973 0.101562 0.039835
2 0.808594 0.934409 0.087891 0.022665
2 0.815918 0.966003 0.104492 0.040522
