0 0.414551 0.244849 0.192383 0.040522
0 0.622559 0.260646 0.040039 0.120192
0 0.813965 0.261676 0.065430 0.120879
0 0.199219 0.385646 0.179688 0.085852
0 0.379883 0.416209 0.080078 0.133242
0 0.606934 0.416896 0.088867 0.137363
0 0.829102 0.421360 0.080078 0.125687
0 0.121094 0.585165 0.074219 0.122253
0 0.284180 0.587569 0.052734 0.111951
0 0.499512 0.583448 0.057617 0.118819
0 0.716309 0.561470 0.166992 0.055632
0 0.926758 0.549451 0.083984 0.098901
0 0.122559 0.738668 0.073242 0.131181
0 0.324219 0.736264 0.078125 0.133242
0 0.496094 0.742102 0.076172 0.122940
0 0.735840 0.714973 0.120117 0.094780
0 0.916016 0.714286 0.126953 0.097527
0 0.166016 0.864698 0.169922 0.065934
0 0.356934 0.863668 0.147461 0.061126
0 0.529297 0.868819 0.138672 0.075549
0 0.681641 0.911058 0.101562 0.105082
0 0.912598 0.867102 0.100586 0.084478
1 0.469727 0.305288 0.076172 0.029533
1 0.700684 0.306319 0.102539 0.027473
1 0.909180 0.307005 0.101562 0.027473
1 0.258301 0.467376 0.104492 0.029533
1 0.466797 0.467376 0.078125 0.028159
1 0.709473 0.467376 0.075195 0.028159
1 0.933105 0.467376 0.100586 0.028159
1 0.210938 0.629808 0.078125 0.027473
1 0.369629 0.628434 0.102539 0.028846
1 0.574219 0.628777 0.080078 0.026786
1 0.746094 0.628091 0.103516 0.028159
1 0.935059 0.629121 0.102539 0.028846
1 0.203125 0.790865 0.078125 0.026786
1 0.409180 0.790179 0.078125 0.028159
1 0.576172 0.790179 0.080078 0.028159
1 0.756348 0.790179 0.090820 0.028159
1 0.938477 0.790179 0.091797 0.028159
1 0.204102 0.951580 0.095703 0.028159
1 0.392090 0.952953 0.084961 0.028159
1 0.576172 0.952953 0.083984 0.028159
1 0.773438 0.952610 0.076172 0.028846
1 0.937500 0.952610 0.083984 0.027473
2 0.322754 0.256868 0.045898 0.017857
2 0.349121 0.292926 0.104492 0.054258
2 0.465332 0.282624 0.063477 0.013049
2 0.671387 0.211538 0.047852 0.017857
2 0.687500 0.247253 0.082031 0.053571
2 0.679688 0.283654 0.062500 0.012363
2 0.879883 0.223901 0.044922 0.016484
2 0.885742 0.255151 0.060547 0.044643
2 0.119141 0.440934 0.068359 0.016484
2 0.138672 0.465316 0.109375 0.032280
2 0.454102 0.365041 0.046875 0.018544
2 0.471191 0.401099 0.083008 0.052198
2 0.462402 0.441964 0.065430 0.021291
2 0.701660 0.400069 0.069336 0.017170
2 0.701172 0.419643 0.068359 0.020604
2 0.924316 0.366415 0.083008 0.013049
2 0.929688 0.400412 0.097656 0.054945
2 0.916504 0.442308 0.065430 0.021978
2 0.190918 0.533310 0.041992 0.014423
2 0.199219 0.569025 0.062500 0.055632
2 0.375977 0.538118 0.117188 0.018544
2 0.374023 0.568338 0.115234 0.041896
2 0.360352 0.603365 0.082031 0.021291
2 0.569824 0.525412 0.067383 0.017857
2 0.562012 0.550824 0.055664 0.031593
2 0.566406 0.582761 0.066406 0.032280
2 0.567871 0.605769 0.063477 0.012363
2 0.652832 0.612981 0.045898 0.015797
2 0.662598 0.632212 0.067383 0.021291
2 0.848145 0.547047 0.067383 0.018544
2 0.844238 0.599245 0.065430 0.087225
2 0.923340 0.602679 0.079102 0.021291
2 0.220215 0.686813 0.110352 0.016484
2 0.213867 0.721154 0.103516 0.053571
2 0.204102 0.763736 0.078125 0.020604
2 0.392090 0.682349 0.045898 0.017170
2 0.401855 0.728365 0.067383 0.076236
2 0.563477 0.710508 0.052734 0.014423
2 0.582520 0.734203 0.090820 0.032967
2 0.569336 0.765110 0.064453 0.020604
2 0.658203 0.743132 0.044922 0.017857
2 0.667969 0.779190 0.068359 0.054258
2 0.744141 0.767170 0.062500 0.013736
2 0.843750 0.743132 0.048828 0.019231
2 0.856445 0.779876 0.074219 0.054258
2 0.926758 0.767170 0.066406 0.013736
2 0.112793 0.889080 0.059570 0.014423
2 0.152344 0.930975 0.138672 0.069368
2 0.291504 0.889423 0.055664 0.015110
2 0.299805 0.931319 0.078125 0.070055
2 0.390625 0.926511 0.080078 0.020604
2 0.474121 0.916552 0.055664 0.014423
2 0.485840 0.943681 0.079102 0.043956
2 0.574707 0.926168 0.079102 0.022665
2 0.752441 0.864011 0.036133 0.013736
2 0.766602 0.892170 0.068359 0.042582
2 0.775391 0.925824 0.080078 0.021978
2 0.853516 0.916209 0.056641 0.013736
2 0.858398 0.944368 0.066406 0.042582
2 0.932129 0.926511 0.071289 0.021978
