0 0.170796 0.197551 0.114865 0.095847
0 0.330706 0.193291 0.101351 0.087327
0 0.494745 0.197551 0.153153 0.055378
0 0.655781 0.203142 0.104354 0.095314
0 0.817943 0.194356 0.159910 0.079872
0 0.088589 0.348243 0.084084 0.082002
0 0.296547 0.348243 0.171171 0.082002
0 0.556682 0.345048 0.152402 0.089457
0 0.775901 0.345048 0.120871 0.087327
0 0.139640 0.466454 0.195195 0.083067
0 0.327703 0.453408 0.098348 0.105964
0 0.460586 0.452077 0.099850 0.108626
0 0.682808 0.459798 0.110360 0.096379
0 0.562688 0.460064 0.086336 0.089457
0 0.782658 0.457668 0.069820 0.099574
0 0.092718 0.619276 0.107357 0.090522
0 0.320571 0.619276 0.046547 0.090522
0 0.479730 0.614750 0.049550 0.087859
0 0.559685 0.612620 0.062312 0.095314
0 0.636637 0.615815 0.046547 0.099574
0 0.771772 0.621406 0.111111 0.074547
0 0.872748 0.640309 0.093844 0.039936
0 0.095721 0.779553 0.099850 0.036209
0 0.286787 0.784878 0.168168 0.018104
0 0.469595 0.782481 0.167417 0.016507
0 0.287538 0.884452 0.169670 0.019169
0 0.469970 0.886315 0.171171 0.017572
0 0.663664 0.797125 0.174174 0.089457
0 0.652778 0.884718 0.182432 0.095314
0 0.871622 0.790469 0.066066 0.065495
1 0.192943 0.265442 0.087087 0.022897
1 0.360736 0.266241 0.062312 0.022364
1 0.524775 0.266241 0.060060 0.022364
1 0.681682 0.266241 0.061562 0.023429
1 0.877628 0.266241 0.081081 0.022364
1 0.165541 0.378062 0.062312 0.023429
1 0.414790 0.378062 0.059309 0.023429
1 0.664790 0.378062 0.056306 0.022364
1 0.876502 0.378062 0.072823 0.023429
1 0.201577 0.537274 0.059309 0.022364
1 0.354730 0.537274 0.060811 0.022364
1 0.585586 0.537274 0.061562 0.022364
1 0.882883 0.537274 0.060060 0.022364
1 0.221847 0.728701 0.060811 0.022897
1 0.389640 0.728701 0.066066 0.021832
1 0.480856 0.728701 0.081832 0.021832
1 0.567568 0.728701 0.061562 0.022897
1 0.654655 0.729766 0.060060 0.021832
1 0.761637 0.728701 0.060811 0.022897
1 0.876502 0.728701 0.060811 0.023962
1 0.341592 0.829340 0.058559 0.022897
1 0.503754 0.830405 0.073574 0.022897
1 0.782658 0.842652 0.066817 0.020767
1 0.145646 0.941161 0.058559 0.020767
1 0.329580 0.941161 0.085586 0.022897
1 0.511637 0.940096 0.060811 0.022897
1 0.791667 0.941161 0.062312 0.022897
1 0.874625 0.941161 0.081081 0.021832
0 0.863739 0.458733 0.089339 0.097444
0 0.175676 0.620075 0.052553 0.091054
0 0.225601 0.620341 0.050300 0.091587
0 0.263514 0.619276 0.027027 0.091587
0 0.366742 0.620341 0.044294 0.090522
0 0.402778 0.620075 0.026276 0.092119
0 0.685811 0.614750 0.047297 0.099574
0 0.107733 0.822684 0.126877 0.046858
0 0.119745 0.872471 0.146396 0.052716
0 0.874625 0.857029 0.076577 0.061235
2 0.092718 0.227636 0.035285 0.013312
2 0.095721 0.242013 0.042793 0.016507
2 0.106607 0.264111 0.066066 0.026624
2 0.174550 0.244143 0.050300 0.017572
2 0.291667 0.235357 0.077327 0.013845
2 0.270646 0.246273 0.029279 0.009052
2 0.287538 0.264111 0.066066 0.025559
2 0.356607 0.244409 0.051051 0.018104
2 0.433559 0.235357 0.036787 0.013845
2 0.457583 0.250799 0.086336 0.017039
2 0.447823 0.268371 0.065315 0.017039
2 0.599474 0.235091 0.035285 0.013312
2 0.607357 0.250000 0.054054 0.017572
2 0.612613 0.267572 0.064565 0.017572
2 0.754505 0.244143 0.052553 0.013312
2 0.764640 0.259585 0.077327 0.016507
2 0.778529 0.272897 0.102102 0.010117
2 0.153529 0.309638 0.038288 0.013312
2 0.161411 0.329340 0.054054 0.025027
2 0.166667 0.351704 0.064565 0.016507
2 0.401652 0.309638 0.037538 0.013312
2 0.425676 0.325080 0.087087 0.016507
2 0.415541 0.342652 0.063814 0.017572
2 0.657658 0.295261 0.037538 0.013312
2 0.665541 0.310437 0.054805 0.017039
2 0.669670 0.331736 0.066066 0.026624
2 0.662538 0.357295 0.048799 0.018104
2 0.866742 0.297391 0.054805 0.013312
2 0.877628 0.312833 0.076577 0.016507
2 0.875751 0.333866 0.071321 0.024494
2 0.866742 0.357295 0.051802 0.017039
2 0.060811 0.516241 0.036036 0.013312
2 0.072447 0.531683 0.065315 0.016507
2 0.094595 0.544995 0.106607 0.009052
2 0.282658 0.508786 0.045796 0.012247
2 0.280405 0.523163 0.045796 0.016507
2 0.291667 0.540735 0.065315 0.016507
2 0.440691 0.499734 0.073574 0.014377
2 0.474850 0.515176 0.141892 0.016507
2 0.462462 0.536209 0.120120 0.024494
2 0.587838 0.516241 0.063063 0.017572
2 0.671547 0.507721 0.038288 0.014377
2 0.719595 0.523163 0.134384 0.015442
2 0.712838 0.539670 0.117868 0.017572
2 0.881757 0.516241 0.056306 0.017572
2 0.062688 0.672258 0.035285 0.013312
2 0.082583 0.696486 0.081081 0.034079
2 0.076577 0.727636 0.063063 0.025027
2 0.219595 0.707934 0.056306 0.017572
2 0.300676 0.672258 0.038288 0.014377
2 0.321697 0.697551 0.081832 0.034079
2 0.313438 0.727370 0.065315 0.025559
2 0.385886 0.707668 0.057057 0.019169
2 0.459835 0.644569 0.045796 0.012247
2 0.476727 0.662407 0.079580 0.023429
2 0.470721 0.685836 0.066066 0.023429
2 0.464715 0.708733 0.052553 0.017039
2 0.564565 0.663206 0.055556 0.014377
2 0.568318 0.678914 0.066066 0.017039
2 0.558559 0.691161 0.046547 0.009585
2 0.562688 0.707934 0.050300 0.017572
2 0.662538 0.674388 0.072823 0.013312
2 0.647147 0.694356 0.045045 0.025559
2 0.748874 0.663472 0.036787 0.012780
2 0.757508 0.683174 0.054054 0.025559
2 0.762387 0.705272 0.063814 0.016507
2 0.865240 0.663472 0.036787 0.013845
2 0.875375 0.683440 0.058559 0.025027
2 0.878754 0.704473 0.063814 0.017039
2 0.058559 0.901757 0.036036 0.013312
2 0.072823 0.926518 0.066066 0.034079
2 0.073574 0.948616 0.067568 0.009052
2 0.144895 0.920394 0.055556 0.017572
2 0.221096 0.815761 0.036787 0.013845
2 0.219219 0.831736 0.034535 0.018104
2 0.408033 0.807508 0.036787 0.014377
2 0.421547 0.826944 0.063814 0.025559
2 0.214339 0.911608 0.023273 0.010650
2 0.239114 0.925985 0.074324 0.017039
2 0.235736 0.943024 0.066066 0.017039
2 0.417042 0.927849 0.054805 0.013312
2 0.422673 0.943291 0.066066 0.017572
2 0.311186 0.921725 0.048799 0.009585
2 0.767643 0.769169 0.036787 0.013312
2 0.787913 0.788605 0.078829 0.024494
2 0.785285 0.805112 0.072072 0.008520
2 0.775901 0.821086 0.051802 0.017039
2 0.780781 0.895367 0.036036 0.013312
2 0.791291 0.911076 0.060060 0.018104
2 0.874625 0.896166 0.075075 0.013845
2 0.873123 0.915335 0.072072 0.025559
