0 0.160645 0.335852 0.110352 0.083791
0 0.355469 0.332418 0.117188 0.116758
0 0.534180 0.324863 0.123047 0.115385
0 0.733887 0.323146 0.094727 0.110577
0 0.926758 0.323146 0.095703 0.103709
0 0.162598 0.506525 0.098633 0.107830
0 0.353516 0.513049 0.099609 0.109890
0 0.546387 0.516484 0.100586 0.103022
0 0.735352 0.518201 0.103516 0.102335
0 0.917969 0.516484 0.105469 0.101648
0 0.162598 0.694025 0.112305 0.100962
0 0.353516 0.697459 0.107422 0.096841
0 0.541016 0.695742 0.111328 0.097527
0 0.732422 0.694712 0.111328 0.094093
0 0.923340 0.694712 0.096680 0.095467
0 0.171387 0.874657 0.090820 0.092720
0 0.416504 0.874657 0.083008 0.099588
0 0.650879 0.878091 0.149414 0.063874
0 0.902344 0.877404 0.111328 0.109203
1 0.185547 0.422047 0.078125 0.028159
1 0.375977 0.422047 0.080078 0.028159
1 0.563965 0.422734 0.077148 0.028159
1 0.739258 0.422047 0.103516 0.028159
1 0.947266 0.422734 0.060547 0.028159
1 0.185059 0.606113 0.079102 0.028159
1 0.375977 0.606113 0.078125 0.026786
1 0.560059 0.606113 0.088867 0.028159
1 0.751465 0.606113 0.083008 0.026786
1 0.947266 0.606113 0.058594 0.028159
1 0.180176 0.788805 0.083008 0.029533
1 0.360352 0.787431 0.103516 0.029533
1 0.560059 0.788462 0.083008 0.027473
1 0.752930 0.788462 0.080078 0.027473
1 0.932129 0.788462 0.104492 0.030220
1 0.227051 0.971841 0.079102 0.027473
1 0.452637 0.972527 0.110352 0.027473
1 0.692383 0.971841 0.105469 0.028846
1 0.931152 0.972871 0.104492 0.030907
