0 0.318848 0.303436 0.291992 0.074914
0 0.381348 0.360481 0.096680 0.043299
0 0.553223 0.327835 0.166992 0.057732
0 0.699219 0.330584 0.136719 0.061856
0 0.872559 0.458076 0.110352 0.051546
0 0.281250 0.494845 0.140625 0.067354
0 0.481934 0.483849 0.182617 0.072852
0 0.687988 0.486942 0.124023 0.088660
0 0.854004 0.615808 0.229492 0.193814
0 0.131348 0.764605 0.131836 0.065292
0 0.273438 0.758763 0.146484 0.050859
0 0.437012 0.757045 0.163086 0.058419
0 0.603516 0.754296 0.148438 0.059794
0 0.638672 0.757732 0.029297 0.052921
0 0.742676 0.759794 0.127930 0.065292
0 0.874512 0.760481 0.131836 0.065292
0 0.581055 0.362543 0.072266 0.033677
0 0.730469 0.362199 0.072266 0.035739
1 0.379883 0.409622 0.078125 0.028866
1 0.577637 0.410309 0.075195 0.028866
1 0.728516 0.410309 0.072266 0.028866
1 0.346680 0.548110 0.074219 0.029553
1 0.526855 0.548797 0.102539 0.030928
1 0.712891 0.550515 0.074219 0.028866
1 0.153809 0.810653 0.073242 0.028179
1 0.305176 0.810653 0.073242 0.028179
1 0.475586 0.809622 0.080078 0.028866
1 0.636719 0.810997 0.082031 0.028866
1 0.780762 0.810653 0.055664 0.029553
1 0.922852 0.811340 0.054688 0.028179
0 0.492676 0.760137 0.030273 0.049485
0 0.354980 0.503436 0.045898 0.046048
0 0.534668 0.503093 0.053711 0.038488
0 0.615234 0.516151 0.044922 0.045361
