0 0.143555 0.095810 0.113281 0.144918
0 0.339844 0.196429 0.033203 0.071429
0 0.469727 0.191277 0.033203 0.078984
0 0.666504 0.192308 0.032227 0.079670
0 0.848633 0.180288 0.050781 0.098214
0 0.110840 0.312157 0.057617 0.135302
0 0.273926 0.324863 0.059570 0.116758
0 0.494141 0.313874 0.058594 0.137363
0 0.687012 0.312157 0.059570 0.135302
0 0.881348 0.312157 0.057617 0.133929
0 0.127930 0.470124 0.050781 0.118819
0 0.341797 0.471841 0.046875 0.118132
0 0.591309 0.471841 0.051758 0.126374
0 0.836426 0.471154 0.055664 0.125000
0 0.158203 0.597527 0.154297 0.076923
0 0.354004 0.623970 0.061523 0.114698
0 0.584473 0.618819 0.049805 0.122253
0 0.827637 0.615385 0.055664 0.127747
0 0.110840 0.768201 0.055664 0.127060
0 0.341797 0.766484 0.056641 0.134615
0 0.594727 0.773352 0.101562 0.116758
0 0.841797 0.779190 0.095703 0.107830
0 0.121094 0.921360 0.060547 0.124313
0 0.292969 0.915865 0.089844 0.114698
0 0.494629 0.926168 0.036133 0.114698
0 0.671387 0.924451 0.051758 0.115385
0 0.846680 0.933723 0.041016 0.100962
1 0.185059 0.213942 0.094727 0.035027
1 0.408691 0.216690 0.067383 0.025412
1 0.596191 0.220810 0.083008 0.022665
1 0.778320 0.219780 0.042969 0.023352
1 0.921875 0.219780 0.082031 0.024725
1 0.185547 0.366758 0.072266 0.028846
1 0.362305 0.367102 0.101562 0.029533
1 0.565430 0.367102 0.074219 0.026786
1 0.756348 0.367102 0.075195 0.028159
1 0.949219 0.366071 0.072266 0.028846
1 0.229004 0.516484 0.051758 0.028846
1 0.466309 0.516827 0.079102 0.029533
1 0.690430 0.516827 0.105469 0.028159
1 0.926758 0.516484 0.105469 0.028846
1 0.211914 0.667582 0.113281 0.027473
1 0.460938 0.667239 0.082031 0.028159
1 0.688965 0.666896 0.116211 0.028846
1 0.921875 0.666896 0.115234 0.028846
1 0.213379 0.821085 0.081055 0.028159
1 0.453125 0.820742 0.107422 0.027473
1 0.702637 0.819025 0.081055 0.028159
1 0.948242 0.820742 0.070312 0.027473
1 0.187500 0.969437 0.068359 0.028159
1 0.371094 0.969437 0.080078 0.028159
1 0.560059 0.968063 0.086914 0.030907
1 0.758301 0.969093 0.067383 0.028846
1 0.937500 0.970124 0.091797 0.028159
