0 0.148438 0.361168 0.132812 0.164261
0 0.298340 0.348797 0.178711 0.228866
0 0.593262 0.241581 0.141602 0.173883
0 0.841797 0.205155 0.220703 0.131271
0 0.852051 0.385223 0.217773 0.101031
0 0.458008 0.600000 0.103516 0.072852
0 0.693848 0.481443 0.131836 0.123024
0 0.572754 0.587629 0.067383 0.067354
0 0.803223 0.539519 0.131836 0.185567
0 0.084473 0.719244 0.124023 0.068041
0 0.228516 0.703780 0.136719 0.043986
0 0.381348 0.717182 0.081055 0.087285
0 0.510254 0.715120 0.139648 0.046048
0 0.680176 0.707904 0.137695 0.046735
0 0.867676 0.721993 0.155273 0.069416
0 0.103516 0.913058 0.113281 0.050172
0 0.263672 0.887973 0.126953 0.061856
0 0.410645 0.885223 0.131836 0.079725
0 0.546387 0.888316 0.108398 0.079038
0 0.683594 0.891753 0.121094 0.072165
0 0.819336 0.878694 0.044922 0.123024
1 0.142090 0.474914 0.051758 0.028866
1 0.445312 0.417182 0.093750 0.030241
1 0.717773 0.305155 0.089844 0.031615
1 0.924316 0.303093 0.051758 0.028866
1 0.694336 0.378351 0.076172 0.029553
1 0.640137 0.609966 0.053711 0.028179
1 0.701660 0.609278 0.053711 0.029553
1 0.906250 0.612027 0.076172 0.029553
1 0.120117 0.789691 0.056641 0.030241
1 0.275391 0.789691 0.052734 0.028866
1 0.404785 0.791409 0.053711 0.028179
1 0.572266 0.791065 0.076172 0.030241
1 0.721680 0.790378 0.076172 0.028866
1 0.917480 0.791753 0.077148 0.028866
1 0.146973 0.962199 0.051758 0.028866
1 0.303711 0.964605 0.048828 0.028179
1 0.452637 0.963918 0.067383 0.029553
1 0.585938 0.963574 0.066406 0.028866
1 0.727051 0.962887 0.067383 0.031615
1 0.895020 0.923024 0.075195 0.028866
