0 0.180176 0.084135 0.182617 0.142170
0 0.344727 0.187157 0.109375 0.091346
0 0.633301 0.154190 0.190430 0.062500
0 0.820801 0.168613 0.067383 0.131181
0 0.133301 0.317995 0.059570 0.129121
0 0.355469 0.319712 0.066406 0.129808
0 0.598145 0.321429 0.100586 0.120879
0 0.875977 0.311470 0.197266 0.059753
0 0.171387 0.451580 0.168945 0.080357
0 0.344727 0.470124 0.107422 0.118819
0 0.631348 0.451580 0.151367 0.106456
0 0.869141 0.449863 0.128906 0.107143
0 0.171387 0.603709 0.176758 0.070055
0 0.394043 0.593407 0.178711 0.074176
0 0.653809 0.595124 0.161133 0.074863
0 0.822266 0.628091 0.111328 0.102335
0 0.105469 0.784341 0.105469 0.097527
0 0.394043 0.749657 0.178711 0.085852
0 0.638672 0.749657 0.158203 0.089973
0 0.872559 0.749657 0.161133 0.078984
0 0.117188 0.926168 0.128906 0.118819
0 0.416016 0.893201 0.148438 0.085852
0 0.629883 0.905907 0.136719 0.101648
0 0.822266 0.929602 0.111328 0.099588
1 0.230957 0.213599 0.096680 0.034341
1 0.453613 0.219437 0.104492 0.026786
1 0.705078 0.219780 0.076172 0.027473
1 0.941895 0.219780 0.077148 0.027473
1 0.220703 0.369849 0.093750 0.028159
1 0.467285 0.370536 0.079102 0.026786
1 0.704590 0.368132 0.077148 0.027473
1 0.944824 0.368819 0.077148 0.027473
1 0.228027 0.519231 0.079102 0.027473
1 0.465332 0.520604 0.079102 0.027473
1 0.691406 0.520261 0.105469 0.026786
1 0.943359 0.519918 0.078125 0.028846
1 0.215820 0.671360 0.105469 0.028159
1 0.467285 0.671360 0.083008 0.028159
1 0.688965 0.670330 0.112305 0.027473
1 0.929199 0.670673 0.108398 0.028159
1 0.216309 0.820742 0.104492 0.026099
1 0.466797 0.820742 0.078125 0.027473
1 0.691895 0.820742 0.104492 0.027473
1 0.944824 0.820742 0.077148 0.027473
1 0.229492 0.972527 0.076172 0.027473
1 0.453125 0.972184 0.105469 0.028159
1 0.705078 0.972527 0.080078 0.028846
1 0.926758 0.972184 0.113281 0.028159
