0 0.105469 0.126374 0.097656 0.212912
0 0.354004 0.176168 0.053711 0.111951
0 0.588379 0.169299 0.038086 0.124313
0 0.816895 0.174451 0.034180 0.115385
0 0.119141 0.323146 0.035156 0.120192
0 0.363770 0.320742 0.040039 0.123626
0 0.600586 0.316277 0.060547 0.133929
0 0.815430 0.323832 0.035156 0.116071
0 0.140137 0.471841 0.051758 0.120879
0 0.369629 0.474245 0.059570 0.118819
0 0.606934 0.473558 0.057617 0.116071
0 0.853516 0.474588 0.058594 0.118132
0 0.096680 0.630495 0.052734 0.108516
0 0.282227 0.626374 0.044922 0.115385
0 0.460938 0.633929 0.048828 0.100275
0 0.654297 0.628777 0.058594 0.107830
0 0.836426 0.639080 0.040039 0.074863
0 0.159180 0.753091 0.105469 0.107830
0 0.352051 0.753091 0.104492 0.103709
0 0.525879 0.752060 0.096680 0.108516
0 0.709473 0.739698 0.145508 0.079670
0 0.922852 0.743475 0.080078 0.088599
0 0.143555 0.904190 0.097656 0.109203
0 0.335938 0.907624 0.093750 0.096841
0 0.518555 0.890797 0.160156 0.065934
0 0.740723 0.898352 0.098633 0.094780
0 0.926758 0.900069 0.097656 0.100962
1 0.215332 0.215316 0.122070 0.035027
1 0.445801 0.219437 0.120117 0.028159
1 0.682129 0.218750 0.124023 0.028159
1 0.917480 0.219093 0.131836 0.027473
1 0.216797 0.370192 0.107422 0.027473
1 0.452637 0.370536 0.106445 0.026786
1 0.691895 0.369505 0.108398 0.028846
1 0.917480 0.370536 0.131836 0.026786
1 0.228516 0.519574 0.078125 0.026786
1 0.467285 0.520261 0.077148 0.026786
1 0.705078 0.520261 0.078125 0.026786
1 0.943359 0.519574 0.080078 0.026786
1 0.883301 0.666552 0.045898 0.017170
1 0.183105 0.668956 0.077148 0.028846
1 0.372070 0.670673 0.078125 0.028159
1 0.546875 0.670330 0.113281 0.027473
1 0.740723 0.669299 0.102539 0.029533
1 0.182129 0.821085 0.079102 0.026786
1 0.361328 0.820398 0.099609 0.026786
1 0.560547 0.820742 0.078125 0.026099
1 0.738770 0.820742 0.106445 0.027473
1 0.935059 0.820398 0.092773 0.028159
1 0.174316 0.971154 0.090820 0.027473
1 0.370605 0.971497 0.079102 0.028159
1 0.553711 0.971497 0.095703 0.028159
1 0.752441 0.971154 0.079102 0.027473
1 0.941895 0.971497 0.081055 0.028159
