0 0.273438 0.405907 0.218750 0.346154
0 0.516602 0.166896 0.152344 0.291209
0 0.786133 0.188874 0.166016 0.266484
0 0.568848 0.482830 0.157227 0.201923
0 0.287598 0.842720 0.211914 0.195055
0 0.584473 0.887363 0.153320 0.093407
0 0.678223 0.697459 0.155273 0.118819
0 0.896973 0.789492 0.159180 0.143544
1 0.418945 0.180288 0.072266 0.026786
1 0.657715 0.227679 0.053711 0.026786
1 0.141113 0.568681 0.073242 0.027473
1 0.706543 0.567308 0.098633 0.027473
1 0.535645 0.758242 0.102539 0.026099
1 0.456055 0.920330 0.103516 0.028846
1 0.709961 0.919643 0.076172 0.027473
1 0.927246 0.919643 0.098633 0.027473
