0 0.546387 0.102062 0.081055 0.072165
0 0.223633 0.249828 0.187500 0.084536
0 0.233887 0.322337 0.166992 0.092096
0 0.240723 0.420962 0.176758 0.110653
0 0.817383 0.247766 0.189453 0.106529
0 0.615723 0.250172 0.211914 0.125086
0 0.542969 0.352921 0.195312 0.094158
0 0.712891 0.390722 0.167969 0.156014
0 0.104004 0.564261 0.102539 0.092096
0 0.254883 0.573196 0.123047 0.074227
0 0.404297 0.571134 0.138672 0.063230
0 0.558594 0.600344 0.056641 0.099656
0 0.904297 0.600000 0.058594 0.039863
0 0.827637 0.588316 0.106445 0.049485
0 0.749512 0.595876 0.063477 0.048110
0 0.091797 0.749485 0.097656 0.123024
0 0.327637 0.746735 0.151367 0.129897
0 0.575684 0.746735 0.077148 0.125773
0 0.794922 0.754983 0.107422 0.110653
0 0.127930 0.879038 0.109375 0.085223
0 0.297852 0.886942 0.142578 0.069416
0 0.469727 0.887629 0.169922 0.079038
0 0.667969 0.887629 0.148438 0.077663
0 0.883301 0.878351 0.108398 0.075601
1 0.469238 0.257045 0.073242 0.028866
1 0.576660 0.439175 0.073242 0.028866
1 0.908691 0.321306 0.055664 0.028179
1 0.869141 0.438832 0.056641 0.028179
1 0.645508 0.637113 0.101562 0.027491
1 0.435547 0.637801 0.070312 0.027491
1 0.284180 0.637801 0.078125 0.028866
1 0.135742 0.638488 0.078125 0.027491
1 0.195801 0.795533 0.094727 0.028179
1 0.451172 0.794845 0.093750 0.026804
1 0.672852 0.794845 0.095703 0.028179
1 0.896484 0.795533 0.074219 0.028179
1 0.155273 0.957732 0.076172 0.028179
1 0.332520 0.956701 0.075195 0.028866
1 0.526367 0.957045 0.076172 0.026804
1 0.721680 0.956701 0.076172 0.027491
1 0.902832 0.956701 0.079102 0.028866
