0 0.190430 0.095124 0.138672 0.161401
0 0.360352 0.172047 0.126953 0.100962
0 0.586426 0.170330 0.116211 0.104396
0 0.833008 0.172734 0.111328 0.114698
0 0.117676 0.321429 0.106445 0.118132
0 0.398438 0.293613 0.201172 0.074863
0 0.593262 0.323146 0.122070 0.114698
0 0.879395 0.291896 0.178711 0.075549
0 0.117676 0.477679 0.116211 0.109203
0 0.356934 0.482143 0.112305 0.105769
0 0.584473 0.481113 0.100586 0.105082
0 0.820801 0.477679 0.110352 0.111951
0 0.129395 0.622940 0.055664 0.125000
0 0.364258 0.618132 0.052734 0.133242
0 0.586426 0.621223 0.041992 0.125687
0 0.839844 0.618819 0.039062 0.131868
0 0.129883 0.775069 0.058594 0.116071
0 0.357422 0.766484 0.076172 0.134615
0 0.607422 0.766484 0.080078 0.130495
0 0.836426 0.769918 0.043945 0.126374
0 0.118164 0.897665 0.080078 0.085165
0 0.303711 0.929602 0.044922 0.114698
0 0.478516 0.922734 0.058594 0.128434
0 0.669434 0.927885 0.053711 0.114011
0 0.873047 0.925481 0.035156 0.121566
1 0.211426 0.216690 0.122070 0.035027
1 0.470215 0.220124 0.075195 0.026786
1 0.693848 0.220124 0.102539 0.026786
1 0.937500 0.220124 0.093750 0.028159
1 0.232422 0.370536 0.076172 0.026786
1 0.468262 0.369505 0.077148 0.027473
1 0.708008 0.370536 0.076172 0.028159
1 0.928223 0.370536 0.110352 0.028159
1 0.232422 0.520948 0.076172 0.028159
1 0.470215 0.521635 0.075195 0.028159
1 0.707520 0.519918 0.079102 0.027473
1 0.932129 0.520948 0.100586 0.028159
1 0.220215 0.670330 0.104492 0.027473
1 0.454102 0.671016 0.107422 0.027473
1 0.691895 0.670330 0.110352 0.028846
1 0.928711 0.671016 0.111328 0.027473
1 0.232422 0.820742 0.080078 0.026099
1 0.454590 0.820398 0.106445 0.026786
1 0.699219 0.820742 0.091797 0.027473
1 0.926270 0.820742 0.114258 0.027473
1 0.172852 0.972527 0.095703 0.027473
1 0.369629 0.973558 0.086914 0.028159
1 0.563965 0.972527 0.075195 0.027473
1 0.748047 0.973558 0.095703 0.028159
1 0.940430 0.973558 0.083984 0.028159
0 0.176270 0.911401 0.073242 0.082418
