0 0.117676 0.234547 0.127930 0.087225
0 0.329590 0.074863 0.153320 0.087912
0 0.543945 0.077953 0.179688 0.066621
0 0.728516 0.088599 0.167969 0.103022
0 0.900391 0.095124 0.189453 0.096841
0 0.699219 0.498970 0.173828 0.094093
0 0.888672 0.493819 0.156250 0.096154
0 0.178223 0.668613 0.208008 0.100962
0 0.364258 0.666209 0.189453 0.092033
0 0.529297 0.657624 0.191406 0.105082
0 0.711426 0.665179 0.209961 0.099588
0 0.893555 0.660371 0.164062 0.099588
0 0.325684 0.871223 0.178711 0.102335
0 0.506348 0.848558 0.196289 0.094093
0 0.154297 0.541209 0.105469 0.085165
0 0.856934 0.889080 0.270508 0.139423
0 0.322754 0.554602 0.116211 0.067995
0 0.377930 0.464973 0.068359 0.092033
0 0.200684 0.286745 0.127930 0.065247
0 0.259766 0.236951 0.128906 0.064560
0 0.239746 0.451923 0.124023 0.085165
0 0.133301 0.474245 0.067383 0.057005
1 0.398438 0.151099 0.054688 0.028846
1 0.575684 0.165179 0.055664 0.028159
1 0.760254 0.165179 0.053711 0.026786
1 0.943848 0.165179 0.051758 0.028159
1 0.374512 0.278503 0.047852 0.026786
1 0.461426 0.552198 0.051758 0.028846
1 0.749512 0.567308 0.051758 0.027473
1 0.929688 0.566621 0.054688 0.028846
1 0.403809 0.731113 0.051758 0.029533
1 0.581055 0.731113 0.054688 0.028159
1 0.754883 0.731113 0.052734 0.028159
1 0.935059 0.729396 0.053711 0.028846
1 0.381348 0.932005 0.055664 0.026099
1 0.548340 0.932005 0.071289 0.028846
0 0.555176 0.879808 0.077148 0.068681
0 0.402832 0.107143 0.045898 0.052198
0 0.553711 0.122253 0.109375 0.053571
0 0.279785 0.388736 0.106445 0.067308
