0 0.195801 0.345124 0.137695 0.122940
0 0.405762 0.308036 0.188477 0.149038
0 0.635254 0.302885 0.190430 0.156593
0 0.873047 0.323832 0.210938 0.122940
0 0.122559 0.624657 0.116211 0.199863
0 0.344727 0.626374 0.101562 0.199176
0 0.633301 0.580014 0.165039 0.127060
0 0.873047 0.602679 0.214844 0.069368
0 0.096680 0.875343 0.089844 0.220467
0 0.339844 0.886676 0.089844 0.201923
0 0.640137 0.851992 0.153320 0.146291
0 0.874512 0.871909 0.147461 0.128434
1 0.208496 0.439904 0.124023 0.043269
1 0.445801 0.439904 0.125977 0.046016
1 0.693359 0.441277 0.101562 0.044643
1 0.936035 0.439904 0.092773 0.044643
1 0.230957 0.703640 0.084961 0.046016
1 0.452148 0.702266 0.107422 0.047390
1 0.682617 0.702953 0.123047 0.044643
1 0.927246 0.703297 0.104492 0.045330
1 0.208496 0.962912 0.116211 0.045330
1 0.446777 0.963942 0.118164 0.046016
1 0.690430 0.963255 0.111328 0.046016
1 0.929199 0.963942 0.110352 0.046016
