0 0.170796 0.197551 0.114865 0.095847
0 0.330706 0.193291 0.101351 0.087327
0 0.494745 0.197551 0.153153 0.055378
0 0.655781 0.203142 0.104354 0.095314
0 0.817943 0.194356 0.159910 0.079872
0 0.088589 0.348243 0.084084 0.082002
0 0.296547 0.348243 0.171171 0.082002
0 0.556682 0.345048 0.152402 0.089457
0 0.775901 0.345048 0.120871 0.087327
0 0.139640 0.466454 0.195195 0.083067
0 0.327703 0.453408 0.098348 0.105964
0 0.460586 0.452077 0.099850 0.108626
0 0.682808 0.459798 0.110360 0.096379
0 0.562688 0.460064 0.086336 0.089457
0 0.782658 0.458466 0.069820 0.099042
0 0.094219 0.619276 0.107357 0.090522
0 0.321321 0.619542 0.046547 0.091054
0 0.479730 0.614750 0.049550 0.087859
0 0.559685 0.612620 0.062312 0.095314
0 0.637012 0.615815 0.045796 0.099574
0 0.771772 0.621406 0.111111 0.074547
0 0.872748 0.640309 0.093844 0.039936
0 0.096471 0.780085 0.099850 0.036209
0 0.287538 0.784878 0.166667 0.018104
0 0.468844 0.783014 0.165916 0.017572
0 0.288664 0.884718 0.167417 0.019702
0 0.470721 0.885783 0.166667 0.016507
0 0.663664 0.797125 0.174174 0.089457
0 0.652778 0.884718 0.182432 0.095314
0 0.871622 0.790469 0.066066 0.065495
1 0.192568 0.265442 0.086336 0.023962
1 0.361486 0.266241 0.062312 0.022364
1 0.524775 0.266241 0.060060 0.022364
1 0.681682 0.266241 0.061562 0.023429
1 0.877628 0.266507 0.081081 0.021832
1 0.165541 0.378062 0.062312 0.023429
1 0.414790 0.378062 0.059309 0.023429
1 0.664790 0.378062 0.056306 0.022364
1 0.876502 0.378062 0.072823 0.023429
1 0.201577 0.537274 0.059309 0.022364
1 0.354730 0.537274 0.060811 0.022364
1 0.585586 0.537274 0.060060 0.023429
1 0.882883 0.537274 0.060060 0.022364
1 0.221847 0.728701 0.060811 0.022897
1 0.389640 0.728967 0.066066 0.022364
1 0.480480 0.728967 0.079580 0.023429
1 0.567568 0.728701 0.061562 0.022897
1 0.655405 0.729766 0.060060 0.021832
1 0.761637 0.728701 0.060811 0.022897
1 0.876502 0.728701 0.060811 0.023962
1 0.341592 0.829606 0.058559 0.023429
1 0.503754 0.830405 0.073574 0.022897
1 0.782658 0.842652 0.066817 0.020767
1 0.145646 0.941161 0.058559 0.020767
1 0.329580 0.941161 0.085586 0.022897
1 0.511637 0.940096 0.060811 0.022897
1 0.792417 0.941161 0.062312 0.022897
1 0.874625 0.941161 0.081081 0.021832
0 0.864489 0.458733 0.089339 0.097444
0 0.175676 0.620075 0.052553 0.091054
0 0.226351 0.620873 0.050300 0.091587
0 0.265015 0.619542 0.027027 0.092119
0 0.368243 0.620607 0.044294 0.091054
0 0.403153 0.620075 0.025526 0.092119
0 0.685811 0.615548 0.047297 0.100106
0 0.109234 0.823216 0.126877 0.046858
0 0.120120 0.872471 0.145646 0.052716
0 0.875000 0.857029 0.077327 0.061235
