0 0.109451 0.174148 0.128433 0.118750
0 0.316640 0.172159 0.116317 0.119318
0 0.563409 0.171591 0.134895 0.121591
0 0.882472 0.101705 0.117124 0.107955
0 0.080372 0.318466 0.113893 0.127841
0 0.293619 0.302273 0.117124 0.103409
0 0.487884 0.300000 0.114701 0.100000
0 0.673263 0.296875 0.097738 0.099432
0 0.864297 0.299432 0.106624 0.103409
0 0.106624 0.440909 0.121163 0.088636
0 0.257674 0.475000 0.095315 0.093182
0 0.447496 0.477841 0.088853 0.109091
0 0.632472 0.477841 0.080775 0.081818
0 0.890549 0.433239 0.107431 0.043750
0 0.135299 0.599148 0.105816 0.047159
0 0.253635 0.630114 0.085622 0.106818
0 0.515751 0.587216 0.100969 0.077841
0 0.708805 0.590341 0.094507 0.081818
0 0.889338 0.596875 0.111470 0.093750
0 0.135299 0.740625 0.102585 0.086932
0 0.254039 0.771023 0.075121 0.125000
0 0.448304 0.771023 0.084006 0.123864
0 0.703554 0.743182 0.087237 0.089773
0 0.813409 0.781534 0.064620 0.099432
0 0.106624 0.881534 0.143780 0.066477
0 0.260905 0.925284 0.092084 0.103977
0 0.446284 0.925000 0.094507 0.106818
0 0.638530 0.924432 0.102585 0.110227
0 0.823506 0.928125 0.094507 0.106250
1 0.201535 0.220455 0.068659 0.029545
1 0.425283 0.219318 0.096123 0.029545
1 0.666801 0.219034 0.083199 0.028977
1 0.885703 0.216193 0.123586 0.035795
1 0.159128 0.369602 0.059774 0.027841
1 0.337237 0.369034 0.083199 0.028977
1 0.527868 0.369034 0.078352 0.028977
1 0.711632 0.369034 0.084006 0.028977
1 0.902262 0.369318 0.087237 0.028409
1 0.141357 0.518750 0.096931 0.028409
1 0.340065 0.519318 0.077544 0.029545
1 0.527868 0.518750 0.078352 0.028409
1 0.718094 0.518750 0.079160 0.028409
1 0.895800 0.502841 0.088853 0.025000
1 0.146607 0.669034 0.081583 0.030114
1 0.335218 0.668466 0.084006 0.028977
1 0.521405 0.668182 0.094507 0.028409
1 0.714863 0.668750 0.087237 0.028409
1 0.904281 0.668750 0.079968 0.028409
1 0.141761 0.818466 0.094507 0.027841
1 0.336834 0.818466 0.080775 0.027841
1 0.530291 0.818466 0.075121 0.027841
1 0.705170 0.818466 0.101777 0.027841
1 0.901050 0.817898 0.089661 0.028977
1 0.144992 0.968182 0.089661 0.028409
1 0.343700 0.965909 0.070275 0.028409
1 0.527464 0.966477 0.075929 0.027273
1 0.721729 0.966193 0.068659 0.027841
1 0.911147 0.965909 0.072698 0.027273
