0 0.235840 0.230584 0.315430 0.069416
0 0.121094 0.406529 0.087891 0.145017
0 0.142090 0.587629 0.176758 0.122337
0 0.161133 0.758076 0.263672 0.103093
0 0.200684 0.909278 0.149414 0.149828
0 0.856934 0.273196 0.166992 0.164261
0 0.640137 0.485911 0.163086 0.159450
0 0.853516 0.683162 0.179688 0.156701
0 0.593262 0.897595 0.135742 0.175945
1 0.412598 0.289347 0.114258 0.045361
1 0.416016 0.456701 0.119141 0.048797
1 0.364258 0.624055 0.220703 0.050859
1 0.391602 0.792784 0.162109 0.048797
1 0.386719 0.961512 0.175781 0.050859
1 0.709473 0.335739 0.081055 0.019931
1 0.841797 0.554983 0.080078 0.021306
1 0.699219 0.723368 0.080078 0.022680
1 0.885742 0.964605 0.058594 0.024055
