0 0.133301 0.144918 0.202148 0.063187
0 0.365723 0.149382 0.174805 0.077610
0 0.603516 0.144918 0.160156 0.075549
0 0.860352 0.112981 0.166016 0.155907
0 0.107422 0.291896 0.156250 0.079670
0 0.310059 0.290179 0.141602 0.054258
0 0.483887 0.298077 0.165039 0.081044
0 0.692383 0.293613 0.126953 0.089973
0 0.866211 0.301168 0.091797 0.107830
0 0.105469 0.447459 0.154297 0.051511
0 0.292969 0.444712 0.154297 0.073489
0 0.492676 0.449863 0.100586 0.101648
0 0.633301 0.477679 0.084961 0.111951
0 0.864258 0.444025 0.156250 0.084478
0 0.068848 0.628091 0.096680 0.100962
0 0.320801 0.599245 0.114258 0.063874
0 0.515137 0.598558 0.108398 0.088599
0 0.695801 0.596841 0.125977 0.092033
0 0.822754 0.611951 0.083008 0.094780
0 0.375977 0.769918 0.046875 0.107143
0 0.562012 0.771635 0.065430 0.111951
0 0.829102 0.764080 0.126953 0.069368
0 0.377930 0.916896 0.074219 0.098901
0 0.577637 0.913462 0.069336 0.093407
0 0.784180 0.907624 0.048828 0.122940
1 0.201172 0.219437 0.076172 0.029533
1 0.435059 0.219437 0.086914 0.029533
1 0.678223 0.218407 0.069336 0.028846
1 0.907715 0.216003 0.098633 0.036401
1 0.133301 0.370536 0.102539 0.028159
1 0.327637 0.369849 0.100586 0.029533
1 0.527344 0.370536 0.076172 0.028159
1 0.706543 0.370536 0.102539 0.029533
1 0.911133 0.368819 0.076172 0.028846
1 0.146973 0.519231 0.081055 0.030220
1 0.339844 0.519918 0.078125 0.028846
1 0.522949 0.519918 0.092773 0.028846
1 0.718262 0.520948 0.083008 0.028159
1 0.900391 0.519574 0.095703 0.028159
1 0.152832 0.671703 0.071289 0.027473
1 0.326172 0.671016 0.105469 0.027473
1 0.529297 0.668269 0.076172 0.027473
1 0.710449 0.670673 0.100586 0.028159
1 0.898438 0.669986 0.101562 0.028159
1 0.470215 0.819025 0.075195 0.028159
1 0.664551 0.819712 0.102539 0.028159
1 0.877441 0.817308 0.092773 0.028846
1 0.470215 0.957418 0.081055 0.024725
1 0.666992 0.955701 0.099609 0.026786
1 0.887207 0.955357 0.075195 0.027473
