0 0.688477 0.154533 0.091797 0.081044
0 0.520508 0.153159 0.097656 0.078297
0 0.596680 0.144918 0.087891 0.065934
0 0.438477 0.383929 0.126953 0.090659
0 0.659180 0.390110 0.078125 0.085165
0 0.183594 0.499657 0.166016 0.096841
0 0.412598 0.519918 0.137695 0.130495
0 0.641602 0.514080 0.138672 0.128434
0 0.869629 0.517170 0.184570 0.138736
0 0.161133 0.689560 0.201172 0.054945
0 0.392090 0.693338 0.159180 0.095467
0 0.635254 0.695742 0.208008 0.093407
0 0.871094 0.691277 0.216797 0.059753
0 0.159180 0.860577 0.216797 0.054945
0 0.400391 0.872253 0.113281 0.108516
0 0.635254 0.860234 0.215820 0.052885
0 0.886719 0.882212 0.091797 0.138049
1 0.330078 0.420330 0.078125 0.031593
1 0.749512 0.419986 0.098633 0.030907
1 0.222656 0.601992 0.091797 0.028159
1 0.467773 0.602679 0.074219 0.029533
1 0.704590 0.602335 0.077148 0.028846
1 0.929688 0.603365 0.101562 0.028159
1 0.230957 0.785027 0.075195 0.028846
1 0.467773 0.784684 0.076172 0.029533
1 0.705566 0.785027 0.081055 0.030220
1 0.941895 0.785027 0.077148 0.030220
1 0.230469 0.968063 0.076172 0.029533
1 0.467773 0.967720 0.074219 0.027473
1 0.687500 0.968750 0.113281 0.029533
1 0.940918 0.968407 0.075195 0.028846
