0 0.058594 0.176289 0.068359 0.110653
0 0.261230 0.174227 0.086914 0.113402
0 0.440430 0.183849 0.078125 0.099656
0 0.643555 0.176976 0.031250 0.113402
0 0.896973 0.087629 0.104492 0.154639
0 0.070801 0.326460 0.049805 0.111340
0 0.266602 0.330928 0.044922 0.101031
0 0.424805 0.323024 0.048828 0.118213
0 0.640137 0.323368 0.051758 0.120275
0 0.803223 0.325773 0.047852 0.115464
0 0.053223 0.467354 0.067383 0.130584
0 0.308594 0.445361 0.107422 0.089347
0 0.488770 0.445361 0.133789 0.064605
0 0.681641 0.440893 0.121094 0.072165
0 0.865723 0.447423 0.135742 0.063230
0 0.102051 0.592440 0.143555 0.064605
0 0.288086 0.597251 0.126953 0.093471
0 0.499512 0.601375 0.110352 0.101718
0 0.669922 0.601031 0.087891 0.098282
0 0.816895 0.623711 0.079102 0.116151
0 0.068848 0.776632 0.071289 0.111340
0 0.294922 0.748454 0.091797 0.090722
0 0.444336 0.773540 0.076172 0.118900
0 0.672852 0.756014 0.152344 0.079725
0 0.871094 0.754983 0.128906 0.081787
0 0.115723 0.897595 0.143555 0.056357
0 0.249512 0.935052 0.084961 0.101031
0 0.440430 0.934021 0.080078 0.103093
0 0.625977 0.935395 0.083984 0.098969
0 0.818848 0.928866 0.059570 0.109278
1 0.149902 0.220275 0.075195 0.028179
1 0.343262 0.220275 0.067383 0.028179
1 0.526855 0.219931 0.083008 0.027491
1 0.717285 0.221649 0.077148 0.026804
1 0.909668 0.215808 0.081055 0.034364
1 0.146484 0.371478 0.074219 0.028179
1 0.340332 0.369072 0.075195 0.028866
1 0.511719 0.370447 0.111328 0.027491
1 0.715332 0.370790 0.081055 0.028179
1 0.890625 0.369416 0.113281 0.028179
1 0.139160 0.519244 0.094727 0.028179
1 0.337891 0.519931 0.078125 0.028179
1 0.527344 0.520962 0.080078 0.028866
1 0.719727 0.519931 0.070312 0.028179
1 0.910156 0.519588 0.070312 0.027491
1 0.146973 0.670103 0.079102 0.027491
1 0.337891 0.671134 0.078125 0.026804
1 0.515625 0.671134 0.105469 0.028179
1 0.717285 0.669072 0.077148 0.028179
1 0.902832 0.668729 0.084961 0.027491
1 0.152344 0.821306 0.068359 0.027491
1 0.332520 0.821649 0.100586 0.028179
1 0.530762 0.820962 0.077148 0.028179
1 0.716309 0.820275 0.077148 0.029553
1 0.908203 0.821649 0.076172 0.026804
1 0.146484 0.970790 0.083984 0.028179
1 0.334473 0.972509 0.081055 0.027491
1 0.528809 0.972509 0.075195 0.027491
1 0.712891 0.971478 0.087891 0.028179
1 0.909180 0.971134 0.076172 0.027491
