0 0.195801 0.083849 0.135742 0.147079
0 0.348633 0.178007 0.107422 0.112715
0 0.587891 0.177320 0.119141 0.109966
0 0.827637 0.177320 0.120117 0.114089
0 0.102051 0.317526 0.088867 0.127835
0 0.344727 0.324399 0.107422 0.111340
0 0.593750 0.322337 0.109375 0.122337
0 0.848633 0.313402 0.058594 0.131959
0 0.121094 0.467354 0.076172 0.134708
0 0.360352 0.464948 0.078125 0.132646
0 0.600098 0.469416 0.038086 0.125086
0 0.841309 0.468385 0.038086 0.127148
0 0.129883 0.620275 0.042969 0.123024
0 0.355469 0.618900 0.050781 0.127148
0 0.604004 0.616495 0.053711 0.131959
0 0.876953 0.595533 0.087891 0.094158
0 0.131348 0.767354 0.041992 0.132646
0 0.367676 0.774227 0.090820 0.110653
0 0.600586 0.771478 0.060547 0.128522
0 0.822266 0.772509 0.060547 0.125086
0 0.119629 0.923711 0.135742 0.120962
0 0.395020 0.908935 0.178711 0.095533
0 0.589844 0.922337 0.115234 0.105842
0 0.843262 0.929210 0.100586 0.114089
1 0.208008 0.215464 0.130859 0.033677
1 0.454590 0.219588 0.106445 0.028179
1 0.691895 0.220275 0.102539 0.026804
1 0.930176 0.219244 0.100586 0.028866
1 0.209473 0.370447 0.112305 0.028866
1 0.452637 0.370447 0.104492 0.028866
1 0.704102 0.369759 0.076172 0.028866
1 0.938965 0.369072 0.075195 0.028866
1 0.219727 0.520619 0.095703 0.026804
1 0.459473 0.519588 0.090820 0.028866
1 0.688477 0.519244 0.109375 0.029553
1 0.926270 0.519244 0.110352 0.029553
1 0.214844 0.670447 0.105469 0.028179
1 0.452637 0.669759 0.102539 0.026804
1 0.688477 0.668729 0.111328 0.028866
1 0.907227 0.670103 0.142578 0.027491
1 0.230469 0.820275 0.076172 0.028179
1 0.466797 0.820275 0.076172 0.028179
1 0.704102 0.820275 0.078125 0.028179
1 0.928223 0.820275 0.104492 0.028179
1 0.230469 0.970790 0.074219 0.026804
1 0.468262 0.971134 0.073242 0.027491
1 0.695801 0.971134 0.090820 0.027491
1 0.942383 0.971134 0.074219 0.027491
0 0.940430 0.608935 0.080078 0.090722
