0 0.100098 0.179602 0.116211 0.105082
0 0.310547 0.173764 0.085938 0.118132
0 0.557129 0.177885 0.045898 0.111264
0 0.786133 0.124657 0.089844 0.217720
0 0.087891 0.327953 0.054688 0.110577
0 0.320801 0.319712 0.079102 0.127060
0 0.603516 0.304602 0.189453 0.072115
0 0.791016 0.323832 0.033203 0.117445
0 0.077637 0.474245 0.047852 0.118819
0 0.322266 0.472527 0.050781 0.119505
0 0.558594 0.478709 0.076172 0.107143
0 0.803711 0.471841 0.044922 0.123626
0 0.075684 0.621909 0.047852 0.125687
0 0.315430 0.623626 0.050781 0.120879
0 0.563965 0.621223 0.051758 0.128434
0 0.803223 0.624657 0.034180 0.117445
0 0.117188 0.751374 0.107422 0.093407
0 0.320801 0.751374 0.104492 0.093407
0 0.480469 0.750343 0.089844 0.096841
0 0.704590 0.748626 0.100586 0.094780
0 0.893555 0.746223 0.099609 0.091346
0 0.123047 0.895604 0.093750 0.093407
0 0.322266 0.895948 0.097656 0.092720
0 0.482422 0.896635 0.089844 0.089973
0 0.708008 0.899038 0.058594 0.056319
0 0.748047 0.904190 0.027344 0.046016
0 0.860352 0.897665 0.083984 0.089286
1 0.199707 0.220810 0.081055 0.028159
1 0.416992 0.220467 0.117188 0.027473
1 0.645996 0.221841 0.116211 0.027473
1 0.896484 0.217033 0.099609 0.034341
1 0.193848 0.369849 0.081055 0.026786
1 0.435547 0.370192 0.078125 0.027473
1 0.671875 0.369849 0.080078 0.028159
1 0.908691 0.369505 0.083008 0.028846
1 0.181641 0.520948 0.109375 0.028159
1 0.431152 0.519574 0.079102 0.028159
1 0.651855 0.521291 0.114258 0.027473
1 0.908691 0.521291 0.081055 0.026099
1 0.181641 0.671703 0.111328 0.027473
1 0.433594 0.671703 0.078125 0.027473
1 0.672363 0.671360 0.077148 0.026786
1 0.891113 0.671360 0.114258 0.026786
1 0.145508 0.820398 0.083984 0.026786
1 0.329102 0.820398 0.097656 0.026786
1 0.515625 0.821429 0.101562 0.026099
1 0.713867 0.820398 0.091797 0.026786
1 0.899902 0.821085 0.094727 0.026786
1 0.137207 0.971497 0.106445 0.028159
1 0.328125 0.971497 0.097656 0.028159
1 0.530762 0.972527 0.079102 0.027473
1 0.717773 0.964629 0.089844 0.029533
1 0.903320 0.972184 0.091797 0.028159
