0 0.520020 0.380495 0.475586 0.140110
0 0.248047 0.576580 0.492188 0.186126
0 0.779297 0.541896 0.441406 0.192308
0 0.152344 0.842376 0.302734 0.154533
0 0.400879 0.773352 0.256836 0.129121
0 0.591797 0.882212 0.275391 0.125687
0 0.808594 0.764080 0.382812 0.187500
1 0.833984 0.404533 0.074219 0.030220
1 0.278809 0.436126 0.055664 0.027473
1 0.488770 0.646635 0.077148 0.028159
1 0.306641 0.892514 0.058594 0.029533
1 0.407227 0.892514 0.074219 0.029533
1 0.561523 0.777816 0.054688 0.028159
1 0.845215 0.877060 0.077148 0.028846
