0 0.310547 0.224245 0.142578 0.089973
0 0.502930 0.220124 0.125000 0.118819
0 0.707520 0.218407 0.102539 0.116758
0 0.907715 0.221154 0.100586 0.116758
0 0.318848 0.393201 0.125977 0.080357
0 0.515137 0.393201 0.112305 0.092720
0 0.653809 0.420330 0.104492 0.119505
0 0.846680 0.420330 0.093750 0.122253
0 0.317383 0.580701 0.150391 0.103709
0 0.133301 0.717720 0.108398 0.142857
0 0.411133 0.694712 0.167969 0.083104
0 0.579102 0.578297 0.126953 0.108516
0 0.829590 0.578297 0.127930 0.111264
0 0.650391 0.695742 0.146484 0.100275
0 0.818848 0.724245 0.104492 0.128434
0 0.326172 0.907624 0.074219 0.066621
0 0.672852 0.872940 0.173828 0.076923
0 0.837891 0.908310 0.107422 0.128434
1 0.341797 0.305632 0.105469 0.027473
1 0.538086 0.305975 0.087891 0.028159
1 0.729980 0.306319 0.104492 0.027473
1 0.930176 0.305632 0.092773 0.027473
1 0.353027 0.469437 0.079102 0.026786
1 0.547363 0.469780 0.090820 0.028846
1 0.746582 0.469780 0.077148 0.028846
1 0.934082 0.470124 0.075195 0.028159
1 0.450195 0.621909 0.101562 0.026786
1 0.701660 0.622253 0.106445 0.027473
1 0.930664 0.622253 0.089844 0.027473
1 0.243164 0.777473 0.101562 0.027473
1 0.475586 0.778159 0.101562 0.027473
1 0.700195 0.777473 0.103516 0.027473
1 0.930176 0.778159 0.102539 0.027473
1 0.370605 0.957761 0.069336 0.022665
1 0.723633 0.961195 0.076172 0.026786
1 0.936523 0.961195 0.076172 0.028159
