0 0.602051 0.199863 0.188477 0.070055
0 0.852051 0.229396 0.180664 0.079670
0 0.419434 0.319712 0.145508 0.052885
0 0.588379 0.333448 0.131836 0.069368
0 0.733887 0.337569 0.088867 0.083104
0 0.909180 0.328984 0.111328 0.072802
0 0.501465 0.459135 0.153320 0.051511
0 0.667969 0.467720 0.144531 0.064560
0 0.820801 0.512363 0.092773 0.060440
0 0.475098 0.635646 0.086914 0.111951
0 0.688965 0.612981 0.151367 0.051511
0 0.888672 0.611951 0.136719 0.049451
0 0.157715 0.810440 0.090820 0.092033
0 0.159668 0.896978 0.100586 0.057692
0 0.405762 0.786058 0.180664 0.052885
0 0.422852 0.900069 0.154297 0.062500
0 0.646973 0.789492 0.143555 0.058379
0 0.604004 0.900755 0.159180 0.058379
0 0.811523 0.787088 0.091797 0.046703
0 0.873047 0.900069 0.144531 0.073489
1 0.663086 0.268201 0.076172 0.028159
1 0.403809 0.393201 0.067383 0.028159
1 0.621094 0.396635 0.097656 0.028159
1 0.780762 0.396635 0.051758 0.028159
1 0.938477 0.396635 0.070312 0.028159
1 0.544434 0.530220 0.055664 0.028846
1 0.721680 0.529876 0.056641 0.028159
1 0.914551 0.529190 0.081055 0.028159
1 0.567383 0.681319 0.078125 0.028846
1 0.744141 0.680632 0.097656 0.028846
1 0.924805 0.680288 0.054688 0.028159
1 0.911133 0.268201 0.076172 0.028159
1 0.251465 0.845124 0.081055 0.026786
1 0.468262 0.843407 0.055664 0.027473
1 0.674805 0.844093 0.056641 0.028846
1 0.907227 0.843407 0.072266 0.028846
1 0.271973 0.970124 0.073242 0.028159
1 0.475586 0.969093 0.082031 0.028846
1 0.699219 0.971154 0.074219 0.028846
1 0.911133 0.970810 0.082031 0.028159
0 0.250977 0.896635 0.083984 0.058379
0 0.716309 0.900069 0.063477 0.058379
0 0.812988 0.834478 0.094727 0.046703
