0 0.178711 0.160371 0.111328 0.099588
0 0.520996 0.160714 0.104492 0.093407
0 0.676758 0.158654 0.162109 0.076923
0 0.699219 0.251374 0.220703 0.086538
0 0.895508 0.249657 0.154297 0.088599
0 0.114746 0.365728 0.106445 0.092720
0 0.356934 0.421360 0.155273 0.099588
0 0.492676 0.422047 0.110352 0.099588
0 0.650391 0.424794 0.203125 0.099588
0 0.810059 0.420330 0.100586 0.101648
0 0.923340 0.422734 0.112305 0.096841
0 0.134766 0.621223 0.150391 0.166896
0 0.125977 0.762363 0.140625 0.140110
0 0.258301 0.609547 0.159180 0.100962
0 0.410645 0.604396 0.135742 0.111264
0 0.544434 0.604396 0.129883 0.111264
0 0.676758 0.604396 0.136719 0.111264
0 0.799805 0.605426 0.115234 0.107830
0 0.916016 0.604396 0.115234 0.108516
0 0.254883 0.758242 0.109375 0.082418
0 0.371094 0.757212 0.107422 0.083104
0 0.510254 0.758929 0.163086 0.076923
0 0.695801 0.759959 0.196289 0.076236
0 0.888672 0.760646 0.171875 0.072115
0 0.124512 0.898352 0.141602 0.071429
0 0.275391 0.898352 0.142578 0.070055
0 0.442383 0.898352 0.173828 0.070055
0 0.600098 0.898352 0.127930 0.071429
0 0.754883 0.898352 0.167969 0.071429
0 0.909180 0.898352 0.130859 0.070055
1 0.398926 0.326580 0.063477 0.022665
1 0.556641 0.326580 0.060547 0.022665
1 0.758301 0.326580 0.083008 0.022665
1 0.935059 0.326580 0.083008 0.022665
1 0.914551 0.183036 0.083008 0.022665
1 0.225586 0.523352 0.082031 0.024725
1 0.345215 0.523352 0.081055 0.023352
1 0.492676 0.523352 0.061523 0.021978
1 0.645508 0.523352 0.060547 0.023352
1 0.796387 0.523352 0.061523 0.023352
1 0.926270 0.523352 0.061523 0.023352
1 0.303711 0.696429 0.060547 0.021978
1 0.442383 0.696429 0.058594 0.021978
1 0.569336 0.696429 0.060547 0.023352
1 0.712891 0.696429 0.062500 0.023352
1 0.831055 0.696429 0.060547 0.023352
1 0.951172 0.696429 0.062500 0.021978
1 0.166016 0.839973 0.060547 0.021978
1 0.240723 0.839286 0.081055 0.021978
1 0.358887 0.838255 0.083008 0.022665
1 0.546387 0.838255 0.079102 0.022665
1 0.763672 0.838255 0.060547 0.021291
1 0.943848 0.838255 0.061523 0.022665
1 0.156250 0.974245 0.062500 0.024038
1 0.317383 0.974245 0.064453 0.022665
1 0.483887 0.974245 0.063477 0.022665
1 0.631348 0.974245 0.061523 0.022665
1 0.797852 0.974245 0.064453 0.022665
1 0.941895 0.974245 0.065430 0.022665
0 0.283203 0.160027 0.107422 0.097527
0 0.391602 0.161745 0.111328 0.096841
0 0.166016 0.255838 0.107422 0.096841
0 0.276855 0.256525 0.106445 0.095467
0 0.392578 0.256181 0.105469 0.093407
0 0.520996 0.254808 0.104492 0.093407
0 0.218262 0.366758 0.106445 0.089286
0 0.118164 0.452953 0.103516 0.084478
0 0.224609 0.455701 0.105469 0.088599
