0 0.414551 0.244849 0.192383 0.040522
0 0.622559 0.261332 0.040039 0.120192
0 0.813965 0.261676 0.065430 0.120879
0 0.199219 0.385646 0.179688 0.085852
0 0.379883 0.416209 0.080078 0.133242
0 0.606934 0.416896 0.088867 0.137363
0 0.829102 0.421360 0.080078 0.125687
0 0.121094 0.585165 0.074219 0.122253
0 0.284180 0.587569 0.052734 0.111951
0 0.499512 0.583448 0.057617 0.118819
0 0.716309 0.561470 0.166992 0.055632
0 0.926758 0.549451 0.083984 0.098901
0 0.122559 0.739354 0.073242 0.131181
0 0.324219 0.736264 0.078125 0.133242
0 0.496094 0.742102 0.076172 0.122940
0 0.735840 0.714973 0.120117 0.094780
0 0.916504 0.714286 0.125977 0.097527
0 0.166016 0.864698 0.169922 0.065934
0 0.356934 0.863668 0.147461 0.061126
0 0.529297 0.869505 0.138672 0.075549
0 0.681641 0.911058 0.101562 0.105082
0 0.913086 0.867788 0.101562 0.084478
1 0.470703 0.305975 0.076172 0.029533
1 0.700684 0.307005 0.102539 0.027473
1 0.909180 0.307349 0.101562 0.026786
1 0.258301 0.468063 0.104492 0.029533
1 0.467773 0.468063 0.078125 0.028159
1 0.709473 0.467720 0.075195 0.027473
1 0.933594 0.468063 0.101562 0.028159
1 0.210938 0.630151 0.078125 0.028159
1 0.371582 0.629121 0.102539 0.028846
1 0.574707 0.629464 0.079102 0.026786
1 0.747070 0.628777 0.103516 0.028159
1 0.935059 0.629121 0.102539 0.028846
1 0.203125 0.790179 0.080078 0.029533
1 0.409180 0.790179 0.078125 0.028159
1 0.576660 0.790865 0.079102 0.028159
1 0.756836 0.790522 0.089844 0.028846
1 0.939453 0.790522 0.091797 0.028846
1 0.204590 0.952266 0.094727 0.028159
1 0.391113 0.952266 0.084961 0.028159
1 0.576172 0.952953 0.083984 0.028159
1 0.773438 0.952610 0.076172 0.028846
1 0.937500 0.952266 0.083984 0.028159
