0 0.895508 0.085567 0.105469 0.135395
0 0.063965 0.178694 0.069336 0.105842
0 0.244629 0.180069 0.069336 0.107216
0 0.432129 0.176976 0.069336 0.109278
0 0.624512 0.178694 0.077148 0.105842
0 0.103516 0.296220 0.111328 0.081100
0 0.289551 0.294158 0.124023 0.067354
0 0.430176 0.329210 0.041992 0.104467
0 0.633301 0.329897 0.083008 0.104467
0 0.806641 0.330241 0.076172 0.103780
0 0.129395 0.454983 0.114258 0.104467
0 0.312012 0.449828 0.092773 0.103780
0 0.483887 0.446392 0.098633 0.091409
0 0.704590 0.454639 0.098633 0.098282
0 0.863770 0.446735 0.120117 0.074227
0 0.057129 0.620275 0.071289 0.125773
0 0.319336 0.597938 0.095703 0.098969
0 0.447266 0.622680 0.099609 0.120962
0 0.633301 0.621993 0.088867 0.122337
0 0.900391 0.600000 0.083984 0.105842
0 0.117676 0.749828 0.086914 0.105842
0 0.248047 0.782818 0.041016 0.101718
0 0.450684 0.769759 0.100586 0.118213
0 0.778809 0.752577 0.069336 0.096220
0 0.903809 0.758763 0.073242 0.086598
0 0.046387 0.927491 0.055664 0.113402
0 0.201172 0.930928 0.050781 0.107904
0 0.364258 0.926117 0.064453 0.117526
0 0.532715 0.910997 0.053711 0.102405
0 0.718262 0.884192 0.090820 0.069416
0 0.893555 0.887973 0.095703 0.074227
1 0.148438 0.219244 0.074219 0.028866
1 0.338867 0.219588 0.076172 0.026804
1 0.528809 0.219588 0.077148 0.028179
1 0.718262 0.219244 0.075195 0.027491
1 0.897949 0.215808 0.102539 0.037113
1 0.147461 0.369759 0.076172 0.027491
1 0.336914 0.368729 0.080078 0.028179
1 0.513672 0.369072 0.101562 0.027491
1 0.721680 0.368385 0.083984 0.027491
1 0.894043 0.368385 0.088867 0.027491
1 0.135742 0.520275 0.101562 0.027491
1 0.324707 0.520619 0.104492 0.026804
1 0.527832 0.520619 0.075195 0.028179
1 0.717285 0.520619 0.077148 0.028179
1 0.909668 0.520275 0.075195 0.027491
1 0.143555 0.670103 0.076172 0.027491
1 0.343262 0.671134 0.069336 0.028179
1 0.534668 0.670103 0.069336 0.027491
1 0.719727 0.670103 0.074219 0.028866
1 0.908203 0.669759 0.076172 0.028179
1 0.133789 0.820275 0.103516 0.028179
1 0.335449 0.820275 0.079102 0.026804
1 0.533203 0.817182 0.060547 0.027491
1 0.797363 0.823368 0.059570 0.021993
1 0.915039 0.823368 0.056641 0.021993
1 0.113770 0.971821 0.077148 0.027491
1 0.270996 0.970790 0.079102 0.028179
1 0.431152 0.972509 0.077148 0.028866
1 0.599121 0.971821 0.067383 0.028866
1 0.751465 0.971821 0.065430 0.027491
1 0.911621 0.972852 0.067383 0.028179
