0 0.199219 0.403093 0.287109 0.145017
0 0.721680 0.325430 0.556641 0.297595
0 0.320801 0.559107 0.534180 0.179381
0 0.157227 0.939519 0.035156 0.060481
0 0.202637 0.938488 0.036133 0.062543
0 0.883301 0.837801 0.055664 0.059107
1 0.394043 0.396564 0.055664 0.030241
1 0.895020 0.541581 0.057617 0.030241
1 0.193848 0.686598 0.059570 0.031615
2 0.395020 0.364261 0.055664 0.021993
2 0.805176 0.525430 0.086914 0.022680
2 0.117676 0.679381 0.071289 0.033677
3 0.237793 0.404811 0.385742 0.162199
3 0.320801 0.585567 0.551758 0.244674
3 0.712891 0.365292 0.560547 0.392440
