0 0.133301 0.144918 0.202148 0.063187
0 0.365723 0.149382 0.174805 0.077610
0 0.603516 0.144918 0.160156 0.075549
0 0.860352 0.112981 0.166016 0.155907
0 0.107422 0.291896 0.156250 0.079670
0 0.310059 0.290179 0.141602 0.054258
0 0.483887 0.298077 0.165039 0.081044
0 0.692383 0.293613 0.126953 0.089973
0 0.866211 0.301168 0.091797 0.107830
0 0.105469 0.447459 0.154297 0.051511
0 0.292969 0.444712 0.154297 0.073489
0 0.492676 0.449863 0.100586 0.101648
0 0.633301 0.477679 0.084961 0.111951
0 0.864258 0.444025 0.156250 0.084478
0 0.068848 0.628091 0.096680 0.100962
0 0.320801 0.599245 0.114258 0.063874
0 0.515137 0.598558 0.108398 0.088599
0 0.695801 0.596841 0.125977 0.092033
0 0.822754 0.611951 0.083008 0.094780
0 0.375977 0.769918 0.046875 0.107143
0 0.562012 0.771635 0.065430 0.111951
0 0.829102 0.764080 0.126953 0.069368
0 0.377930 0.916896 0.074219 0.098901
0 0.577637 0.913462 0.069336 0.093407
0 0.784180 0.907624 0.048828 0.122940
1 0.201172 0.219437 0.076172 0.029533
1 0.435059 0.219437 0.086914 0.029533
1 0.678223 0.218407 0.069336 0.028846
1 0.907715 0.216003 0.098633 0.036401
1 0.133301 0.370536 0.102539 0.028159
1 0.327637 0.369849 0.100586 0.029533
1 0.527344 0.370536 0.076172 0.028159
1 0.706543 0.370536 0.102539 0.029533
1 0.911133 0.368819 0.076172 0.028846
1 0.146973 0.519231 0.081055 0.030220
1 0.339844 0.519918 0.078125 0.028846
1 0.521973 0.519918 0.092773 0.028846
1 0.718262 0.520948 0.083008 0.028159
1 0.900391 0.518201 0.095703 0.028159
1 0.152344 0.670330 0.070312 0.027473
1 0.326172 0.670330 0.105469 0.027473
1 0.529297 0.667926 0.076172 0.028159
1 0.709473 0.670330 0.100586 0.027473
1 0.898438 0.668613 0.101562 0.028159
1 0.470215 0.819025 0.075195 0.028159
1 0.664551 0.819712 0.102539 0.028159
1 0.875977 0.817308 0.091797 0.028846
1 0.470215 0.957418 0.081055 0.024725
1 0.666504 0.955701 0.098633 0.026786
1 0.886719 0.955014 0.074219 0.028159
2 0.046875 0.192995 0.046875 0.016484
2 0.066895 0.218407 0.088867 0.031593
2 0.296387 0.194712 0.075195 0.017170
2 0.292969 0.218407 0.074219 0.031593
2 0.520508 0.183723 0.046875 0.017170
2 0.542969 0.212569 0.091797 0.041896
2 0.779297 0.184753 0.085938 0.020604
2 0.770508 0.214973 0.068359 0.041209
2 0.039551 0.334135 0.045898 0.017170
2 0.049805 0.363668 0.068359 0.044643
2 0.232422 0.310440 0.046875 0.017857
2 0.251465 0.341690 0.084961 0.040522
2 0.241211 0.372940 0.064453 0.023352
2 0.313477 0.346841 0.062500 0.012363
2 0.432129 0.354396 0.069336 0.016484
2 0.423340 0.373970 0.055664 0.019918
2 0.625977 0.310440 0.070312 0.017857
2 0.619141 0.339973 0.060547 0.041209
2 0.623047 0.372253 0.062500 0.023352
2 0.688477 0.345810 0.064453 0.011676
2 0.827637 0.332418 0.092773 0.017857
2 0.808594 0.362637 0.056641 0.043956
2 0.065430 0.492788 0.095703 0.017170
2 0.062012 0.518201 0.083008 0.032280
2 0.233887 0.494505 0.043945 0.016484
2 0.240723 0.518201 0.057617 0.032280
2 0.424805 0.481799 0.044922 0.015797
2 0.435059 0.501374 0.067383 0.020604
2 0.430176 0.523352 0.055664 0.020604
2 0.508301 0.495192 0.061523 0.010989
2 0.701172 0.429602 0.048828 0.017170
2 0.704590 0.448146 0.055664 0.019918
2 0.709473 0.470124 0.063477 0.021291
2 0.709961 0.497253 0.064453 0.010989
2 0.805176 0.493819 0.045898 0.016484
2 0.813965 0.518201 0.067383 0.030907
2 0.140137 0.572459 0.047852 0.017170
2 0.140137 0.596841 0.047852 0.031593
2 0.145508 0.623970 0.054688 0.019918
2 0.150391 0.647321 0.060547 0.013049
2 0.235352 0.621909 0.046875 0.015797
2 0.235840 0.646635 0.049805 0.030907
2 0.238770 0.673764 0.055664 0.020604
2 0.306641 0.647321 0.064453 0.011676
2 0.435059 0.611264 0.073242 0.017857
2 0.435547 0.650755 0.074219 0.063874
2 0.626465 0.633242 0.073242 0.016484
2 0.623047 0.662775 0.066406 0.042582
2 0.907227 0.575549 0.078125 0.015110
2 0.898926 0.616415 0.061523 0.065247
2 0.451172 0.751030 0.070312 0.018544
2 0.440430 0.771635 0.046875 0.022665
2 0.633301 0.740385 0.071289 0.017857
2 0.655762 0.775755 0.114258 0.054258
2 0.767090 0.780907 0.071289 0.016484
2 0.775879 0.810440 0.088867 0.042582
2 0.459473 0.852679 0.055664 0.013049
2 0.454590 0.882212 0.045898 0.043269
2 0.464844 0.907624 0.066406 0.010302
2 0.463379 0.929602 0.067383 0.029533
2 0.653809 0.874657 0.069336 0.017170
2 0.655762 0.894918 0.075195 0.021978
2 0.661133 0.912431 0.083984 0.011676
2 0.646973 0.930632 0.059570 0.019231
2 0.865723 0.886676 0.069336 0.017857
2 0.871094 0.907624 0.082031 0.021291
3 0.132324 0.173764 0.229492 0.130495
3 0.367188 0.172047 0.232422 0.132555
3 0.604980 0.170330 0.229492 0.134615
3 0.848633 0.134959 0.232422 0.209478
3 0.102539 0.317995 0.185547 0.142857
3 0.295410 0.322802 0.184570 0.130495
3 0.482910 0.320742 0.180664 0.134615
3 0.674316 0.316964 0.180664 0.142170
3 0.865723 0.315934 0.182617 0.144231
3 0.104004 0.478365 0.182617 0.121566
3 0.296875 0.471497 0.179688 0.133929
3 0.486328 0.466346 0.177734 0.142857
3 0.675293 0.478022 0.182617 0.120879
3 0.865234 0.467376 0.181641 0.139423
3 0.103516 0.623626 0.179688 0.129121
3 0.295898 0.626030 0.183594 0.125687
3 0.485840 0.618132 0.184570 0.138736
3 0.675781 0.618132 0.185547 0.141484
3 0.866211 0.624313 0.183594 0.125000
3 0.429688 0.774382 0.167969 0.122940
3 0.622559 0.774725 0.196289 0.125000
3 0.827148 0.780220 0.203125 0.112637
3 0.426270 0.908997 0.180664 0.131181
3 0.628906 0.915865 0.185547 0.111951
3 0.840820 0.907280 0.175781 0.130495
