0 0.143555 0.095124 0.113281 0.144918
0 0.339844 0.196429 0.033203 0.071429
0 0.469727 0.190591 0.033203 0.078984
0 0.666016 0.192308 0.033203 0.079670
0 0.848633 0.179602 0.050781 0.098214
0 0.110840 0.312157 0.057617 0.135302
0 0.273926 0.324863 0.059570 0.116758
0 0.494141 0.313874 0.058594 0.137363
0 0.687012 0.312157 0.059570 0.135302
0 0.881348 0.312157 0.057617 0.133929
0 0.127930 0.470124 0.050781 0.118819
0 0.341797 0.471841 0.046875 0.118132
0 0.591309 0.471841 0.051758 0.126374
0 0.836426 0.471154 0.055664 0.125000
0 0.157227 0.596841 0.154297 0.076923
0 0.353516 0.623970 0.060547 0.114698
0 0.584473 0.618819 0.049805 0.122253
0 0.827637 0.615385 0.055664 0.127747
0 0.110840 0.768201 0.055664 0.127060
0 0.341309 0.766484 0.057617 0.134615
0 0.594727 0.773352 0.101562 0.116758
0 0.841797 0.779190 0.095703 0.107830
0 0.121094 0.921360 0.060547 0.124313
0 0.292969 0.915179 0.089844 0.114698
0 0.494629 0.926168 0.036133 0.114698
0 0.671387 0.924451 0.051758 0.115385
0 0.846680 0.933723 0.041016 0.100962
1 0.185059 0.213942 0.094727 0.033654
1 0.407715 0.216690 0.067383 0.025412
1 0.595215 0.220124 0.083008 0.022665
1 0.775879 0.219780 0.041992 0.021978
1 0.921387 0.218407 0.081055 0.024725
1 0.185059 0.367102 0.073242 0.028159
1 0.362305 0.367102 0.101562 0.029533
1 0.565430 0.367102 0.074219 0.026786
1 0.756348 0.367102 0.075195 0.028159
1 0.949219 0.365385 0.072266 0.028846
1 0.229004 0.516484 0.051758 0.028846
1 0.466309 0.516827 0.079102 0.029533
1 0.690430 0.516484 0.105469 0.027473
1 0.926758 0.516484 0.105469 0.028846
1 0.211426 0.666896 0.112305 0.027473
1 0.460938 0.666896 0.082031 0.027473
1 0.688965 0.666896 0.116211 0.028846
1 0.921387 0.666896 0.114258 0.028846
1 0.212891 0.820742 0.082031 0.027473
1 0.452637 0.820742 0.108398 0.027473
1 0.702637 0.819025 0.081055 0.028159
1 0.947754 0.820742 0.069336 0.027473
1 0.187012 0.969437 0.067383 0.028159
1 0.371094 0.969437 0.080078 0.028159
1 0.560059 0.967720 0.086914 0.031593
1 0.758301 0.968407 0.067383 0.028846
1 0.937012 0.970124 0.092773 0.028159
2 0.388672 0.170330 0.046875 0.016484
2 0.405762 0.188874 0.081055 0.021978
2 0.094727 0.183036 0.082031 0.019918
2 0.516602 0.170330 0.044922 0.015110
2 0.520020 0.194712 0.055664 0.030907
2 0.521973 0.221841 0.053711 0.020604
2 0.579590 0.199863 0.049805 0.016484
2 0.712891 0.181319 0.044922 0.017857
2 0.716797 0.199863 0.054688 0.020604
2 0.718262 0.222871 0.053711 0.021291
2 0.775879 0.199176 0.049805 0.017857
2 0.900879 0.148008 0.040039 0.014423
2 0.907715 0.164492 0.051758 0.017170
2 0.905762 0.183723 0.047852 0.018544
2 0.905762 0.200549 0.049805 0.009615
2 0.167969 0.284341 0.044922 0.016484
2 0.176758 0.302885 0.062500 0.020604
2 0.173340 0.318681 0.057617 0.010989
2 0.178711 0.341690 0.060547 0.021291
2 0.341797 0.296016 0.044922 0.016484
2 0.362305 0.321772 0.089844 0.029533
2 0.549805 0.279876 0.044922 0.017170
2 0.562012 0.299451 0.069336 0.019231
2 0.555176 0.320742 0.055664 0.020604
2 0.554688 0.343407 0.062500 0.010989
2 0.754883 0.260646 0.074219 0.026786
2 0.753418 0.294643 0.069336 0.037088
2 0.747559 0.323832 0.057617 0.018544
2 0.750977 0.343407 0.060547 0.010989
2 0.084473 0.213599 0.067383 0.037088
2 0.937012 0.272665 0.045898 0.019231
2 0.944336 0.297734 0.060547 0.029533
2 0.941895 0.323832 0.055664 0.019918
2 0.945801 0.343407 0.061523 0.009615
2 0.192383 0.433036 0.044922 0.017170
2 0.201172 0.451580 0.068359 0.021291
2 0.206055 0.468407 0.074219 0.012363
2 0.232422 0.490385 0.060547 0.020604
2 0.419434 0.433723 0.045898 0.017170
2 0.437012 0.459135 0.083008 0.030907
2 0.661133 0.433036 0.046875 0.017170
2 0.671387 0.451580 0.065430 0.019918
2 0.678223 0.474245 0.083008 0.021291
2 0.669922 0.493132 0.060547 0.010989
2 0.914551 0.427198 0.069336 0.012363
2 0.907715 0.444712 0.055664 0.019918
2 0.907715 0.466690 0.055664 0.019918
2 0.907227 0.492788 0.062500 0.011676
2 0.078125 0.629121 0.046875 0.017857
2 0.095215 0.653159 0.083008 0.030220
2 0.095215 0.674451 0.083008 0.013736
2 0.195801 0.641484 0.079102 0.021978
2 0.444336 0.565591 0.056641 0.030907
2 0.445801 0.597871 0.059570 0.032280
2 0.447266 0.624657 0.056641 0.022665
2 0.451172 0.643201 0.060547 0.011676
2 0.656250 0.565591 0.046875 0.019918
2 0.667969 0.596154 0.072266 0.041209
2 0.673340 0.633929 0.083008 0.035714
2 0.883301 0.587225 0.040039 0.015110
2 0.905762 0.606113 0.083008 0.019918
2 0.895508 0.634615 0.062500 0.034341
2 0.194336 0.748626 0.093750 0.017857
2 0.178223 0.768544 0.057617 0.021978
2 0.202637 0.795330 0.063477 0.023352
2 0.422852 0.727679 0.048828 0.017170
2 0.426270 0.752060 0.055664 0.031593
2 0.426758 0.773352 0.056641 0.010989
2 0.430176 0.795330 0.061523 0.020604
2 0.695801 0.724588 0.073242 0.017857
2 0.701172 0.749657 0.083984 0.030907
2 0.702637 0.770948 0.081055 0.010302
2 0.692383 0.792582 0.064453 0.021978
2 0.928711 0.730082 0.048828 0.019231
2 0.938477 0.749657 0.066406 0.019918
2 0.931641 0.771635 0.054688 0.021291
2 0.947266 0.797047 0.064453 0.010302
2 0.183594 0.898352 0.048828 0.016484
2 0.188477 0.923077 0.054688 0.032967
2 0.367676 0.895948 0.045898 0.017170
2 0.371094 0.914148 0.056641 0.019231
2 0.546387 0.880495 0.047852 0.016484
2 0.549805 0.900069 0.054688 0.021291
2 0.554688 0.922047 0.062500 0.019918
2 0.547852 0.944712 0.056641 0.011676
2 0.756348 0.889766 0.069336 0.015797
2 0.752930 0.914492 0.066406 0.030907
2 0.938965 0.870536 0.083008 0.029533
2 0.935547 0.900755 0.080078 0.032280
2 0.929688 0.928571 0.064453 0.020604
2 0.922852 0.945398 0.064453 0.011676
3 0.142578 0.126717 0.195312 0.220467
3 0.382812 0.195055 0.142578 0.079670
3 0.545410 0.191964 0.196289 0.088599
3 0.724609 0.191964 0.166016 0.087225
3 0.892090 0.180288 0.155273 0.111951
3 0.151367 0.313187 0.156250 0.145604
3 0.329102 0.324176 0.183594 0.125000
3 0.533691 0.313530 0.153320 0.147665
3 0.725586 0.312500 0.152344 0.146978
3 0.917969 0.312843 0.148438 0.146291
3 0.182129 0.471841 0.172852 0.130495
3 0.412598 0.471497 0.200195 0.129808
3 0.654785 0.471154 0.194336 0.135989
3 0.892578 0.470810 0.187500 0.135302
3 0.160645 0.619162 0.229492 0.132555
3 0.413574 0.615728 0.194336 0.139423
3 0.652832 0.618819 0.204102 0.135989
3 0.888672 0.615385 0.197266 0.141484
3 0.167480 0.768544 0.186523 0.140110
3 0.409668 0.766827 0.211914 0.144918
3 0.642090 0.773352 0.217773 0.126374
3 0.888672 0.777129 0.203125 0.122940
3 0.154785 0.921703 0.143555 0.133242
3 0.328613 0.920673 0.178711 0.135302
3 0.540527 0.926168 0.143555 0.127060
3 0.717285 0.924451 0.163086 0.129121
3 0.903809 0.919986 0.168945 0.138049
