0 0.131836 0.273540 0.111328 0.089347
0 0.284180 0.272165 0.113281 0.086598
0 0.435059 0.273196 0.116211 0.081787
0 0.593262 0.350859 0.120117 0.145017
0 0.767090 0.494845 0.239258 0.144330
0 0.833008 0.228179 0.228516 0.153952
0 0.181641 0.761856 0.289062 0.124399
0 0.422852 0.769416 0.236328 0.123024
0 0.419922 0.910997 0.246094 0.117526
0 0.837891 0.797251 0.318359 0.144330
1 0.121094 0.389691 0.072266 0.028866
1 0.263184 0.390722 0.057617 0.026804
1 0.419434 0.391409 0.051758 0.026804
1 0.127930 0.920619 0.056641 0.028179
1 0.587891 0.793471 0.052734 0.026804
1 0.588379 0.920275 0.055664 0.026117
1 0.869629 0.921306 0.055664 0.026804
2 0.127930 0.344330 0.089844 0.041237
2 0.282227 0.345017 0.095703 0.041237
2 0.433594 0.343986 0.087891 0.043299
2 0.740723 0.379038 0.086914 0.033677
2 0.883301 0.339863 0.106445 0.036426
2 0.761719 0.614777 0.105469 0.033677
2 0.152344 0.886254 0.107422 0.026804
2 0.603516 0.752234 0.089844 0.043299
2 0.792969 0.914777 0.070312 0.041237
2 0.610840 0.887629 0.106445 0.029553
3 0.130859 0.316838 0.134766 0.186942
3 0.281738 0.316495 0.135742 0.186254
3 0.434570 0.318900 0.136719 0.181443
3 0.833008 0.253952 0.253906 0.219244
3 0.659668 0.351203 0.272461 0.156701
3 0.766602 0.528866 0.263672 0.226117
3 0.180664 0.817182 0.316406 0.251546
3 0.474609 0.769072 0.367188 0.137457
3 0.479004 0.911684 0.389648 0.134021
3 0.830078 0.828866 0.328125 0.221306
