0 0.148438 0.359794 0.132812 0.164261
0 0.298340 0.348110 0.178711 0.228866
0 0.593262 0.241581 0.141602 0.173883
0 0.841797 0.205155 0.220703 0.131271
0 0.852051 0.383849 0.217773 0.101031
0 0.458008 0.598969 0.103516 0.072165
0 0.693848 0.480412 0.131836 0.122337
0 0.572754 0.587629 0.067383 0.067354
0 0.803223 0.539519 0.131836 0.185567
0 0.084473 0.718213 0.124023 0.067354
0 0.228516 0.702749 0.136719 0.043299
0 0.381348 0.716495 0.081055 0.087285
0 0.509766 0.714089 0.138672 0.045361
0 0.680176 0.707904 0.137695 0.046735
0 0.867676 0.721306 0.155273 0.069416
0 0.103516 0.911684 0.113281 0.050172
0 0.263672 0.887973 0.126953 0.061856
0 0.410645 0.883849 0.131836 0.079725
0 0.546387 0.887629 0.108398 0.079038
0 0.683594 0.891753 0.121094 0.072165
0 0.819336 0.878007 0.044922 0.123024
1 0.142090 0.474227 0.051758 0.028866
1 0.444336 0.416151 0.093750 0.030928
1 0.716797 0.305155 0.089844 0.031615
1 0.923340 0.303093 0.051758 0.028866
1 0.694336 0.378351 0.076172 0.029553
1 0.640137 0.609966 0.053711 0.028179
1 0.701660 0.609622 0.053711 0.028866
1 0.905762 0.610653 0.077148 0.029553
1 0.119629 0.789691 0.057617 0.030241
1 0.275391 0.789691 0.052734 0.028866
1 0.403809 0.790378 0.053711 0.028866
1 0.572266 0.790034 0.076172 0.030928
1 0.721680 0.789347 0.076172 0.029553
1 0.916016 0.791753 0.076172 0.028866
1 0.146973 0.960825 0.051758 0.028866
1 0.303711 0.964605 0.048828 0.028179
1 0.452637 0.963918 0.067383 0.029553
1 0.585938 0.963574 0.066406 0.028866
1 0.727051 0.962887 0.067383 0.031615
1 0.895020 0.922337 0.075195 0.028866
2 0.836426 0.271134 0.036133 0.013058
2 0.855469 0.299313 0.076172 0.040550
2 0.682129 0.220275 0.024414 0.014433
2 0.701172 0.243299 0.060547 0.028866
2 0.701172 0.269072 0.062500 0.021306
2 0.694336 0.283849 0.048828 0.009622
2 0.425293 0.334021 0.053711 0.015120
2 0.437012 0.355670 0.083008 0.029553
2 0.435547 0.381443 0.080078 0.019244
2 0.421387 0.396907 0.047852 0.011684
2 0.060547 0.414433 0.076172 0.028866
2 0.063477 0.448454 0.082031 0.037801
2 0.051270 0.475945 0.055664 0.019931
2 0.138672 0.452577 0.048828 0.011684
2 0.600098 0.346735 0.055664 0.014433
2 0.610352 0.370103 0.076172 0.029553
2 0.619629 0.396564 0.096680 0.019244
2 0.685059 0.346048 0.051758 0.010309
2 0.682129 0.357388 0.049805 0.009622
2 0.621094 0.547766 0.023438 0.012371
2 0.635254 0.576289 0.047852 0.039175
2 0.702637 0.558763 0.053711 0.015120
2 0.697754 0.580756 0.051758 0.028866
2 0.895508 0.543643 0.054688 0.013746
2 0.909180 0.559794 0.082031 0.018557
2 0.904297 0.578351 0.074219 0.018557
2 0.891602 0.592096 0.048828 0.011684
2 0.049805 0.764948 0.052734 0.016495
2 0.053711 0.788660 0.060547 0.030928
2 0.173340 0.735739 0.036133 0.014433
2 0.197754 0.769416 0.084961 0.050172
2 0.179688 0.798969 0.050781 0.011684
2 0.273926 0.758763 0.051758 0.012371
2 0.272461 0.769416 0.044922 0.010309
2 0.334473 0.734708 0.049805 0.016495
2 0.339844 0.763230 0.062500 0.040550
2 0.332520 0.793471 0.049805 0.019931
2 0.400391 0.771134 0.044922 0.010997
2 0.469727 0.746735 0.064453 0.011684
2 0.477051 0.769759 0.081055 0.028866
2 0.477051 0.794845 0.083008 0.019931
2 0.549805 0.757388 0.042969 0.009622
2 0.555176 0.767354 0.045898 0.008935
2 0.648926 0.736426 0.069336 0.013058
2 0.646973 0.764605 0.065430 0.040550
2 0.642090 0.794845 0.057617 0.021306
2 0.714844 0.768729 0.048828 0.011684
2 0.816895 0.759794 0.055664 0.014433
2 0.820801 0.780756 0.061523 0.028866
2 0.831055 0.802405 0.080078 0.011684
2 0.898926 0.832646 0.086914 0.013058
2 0.892090 0.857732 0.073242 0.037113
2 0.886719 0.887973 0.064453 0.019244
2 0.879883 0.901718 0.048828 0.009622
2 0.042969 0.927835 0.039062 0.013746
2 0.067383 0.951203 0.087891 0.030241
2 0.069336 0.971478 0.089844 0.011684
2 0.208008 0.922337 0.035156 0.013746
2 0.220215 0.944330 0.059570 0.031615
2 0.233887 0.969759 0.084961 0.019244
2 0.299805 0.932646 0.048828 0.009622
2 0.299805 0.944674 0.048828 0.011684
2 0.348633 0.931615 0.035156 0.014433
2 0.373047 0.954296 0.085938 0.030928
2 0.358887 0.975258 0.055664 0.009622
2 0.447266 0.932990 0.058594 0.010309
2 0.440430 0.942955 0.048828 0.009622
2 0.518555 0.940550 0.058594 0.014433
2 0.520020 0.963918 0.059570 0.030928
2 0.657715 0.943986 0.071289 0.026804
2 0.659180 0.967354 0.072266 0.019931
3 0.843262 0.229210 0.247070 0.191753
3 0.642090 0.241581 0.258789 0.186254
3 0.119629 0.383162 0.209961 0.223368
3 0.349609 0.349141 0.302734 0.243299
3 0.768066 0.383505 0.413086 0.114089
3 0.605957 0.584192 0.153320 0.096220
3 0.694824 0.524055 0.145508 0.223368
3 0.843750 0.538832 0.228516 0.196564
3 0.085938 0.745017 0.146484 0.133333
3 0.231445 0.743643 0.166016 0.136082
3 0.370117 0.740206 0.134766 0.142955
3 0.524414 0.748797 0.191406 0.128522
3 0.686035 0.745361 0.161133 0.129897
3 0.871582 0.746392 0.182617 0.133333
3 0.097168 0.930584 0.168945 0.103093
3 0.262207 0.917869 0.157227 0.134021
3 0.412598 0.910309 0.172852 0.146392
3 0.553223 0.912371 0.143555 0.142268
3 0.691406 0.916838 0.158203 0.134708
3 0.867188 0.877663 0.164062 0.137457
