0 0.520020 0.380495 0.475586 0.140110
0 0.247559 0.576580 0.493164 0.186126
0 0.779297 0.541896 0.441406 0.192308
0 0.152344 0.841690 0.302734 0.154533
0 0.400879 0.773352 0.256836 0.129121
0 0.591309 0.882212 0.276367 0.125687
0 0.808594 0.764080 0.382812 0.187500
1 0.833008 0.404190 0.074219 0.030907
1 0.278809 0.435440 0.055664 0.027473
1 0.488770 0.646635 0.077148 0.028159
1 0.306641 0.892514 0.058594 0.029533
1 0.407227 0.892514 0.074219 0.029533
1 0.560059 0.777473 0.055664 0.027473
1 0.844727 0.876374 0.076172 0.028846
2 0.185547 0.427198 0.064453 0.023352
2 0.174805 0.445742 0.041016 0.010989
2 0.822754 0.361951 0.065430 0.026099
2 0.810059 0.378777 0.041992 0.008929
2 0.403809 0.638049 0.067383 0.026099
2 0.393555 0.655907 0.042969 0.010989
2 0.565430 0.743819 0.068359 0.013736
2 0.555176 0.754808 0.041992 0.009615
2 0.227051 0.889766 0.067383 0.011676
2 0.216309 0.901786 0.041992 0.009615
2 0.407715 0.856799 0.083008 0.013049
2 0.386719 0.868819 0.042969 0.009615
2 0.843262 0.843407 0.083008 0.013736
2 0.824219 0.855082 0.041016 0.009615
3 0.454590 0.383585 0.627930 0.162775
3 0.270020 0.574176 0.538086 0.197802
3 0.772461 0.493819 0.455078 0.306319
3 0.173828 0.842033 0.345703 0.171703
3 0.433594 0.773695 0.351562 0.144918
3 0.551270 0.883929 0.393555 0.144231
3 0.801758 0.779190 0.396484 0.239698
