0 0.310547 0.224245 0.142578 0.089973
0 0.502930 0.220124 0.125000 0.118819
0 0.707520 0.218407 0.102539 0.116758
0 0.907715 0.221154 0.100586 0.116758
0 0.318848 0.393201 0.125977 0.080357
0 0.515137 0.393201 0.112305 0.092720
0 0.653809 0.420330 0.104492 0.119505
0 0.846680 0.420330 0.093750 0.122253
0 0.317383 0.580701 0.150391 0.103709
0 0.133301 0.717720 0.108398 0.142857
0 0.411133 0.694712 0.167969 0.083104
0 0.579102 0.578297 0.126953 0.108516
0 0.829590 0.578297 0.127930 0.111264
0 0.650391 0.695742 0.146484 0.100275
0 0.818848 0.724245 0.104492 0.128434
0 0.326172 0.907624 0.074219 0.066621
0 0.672852 0.872940 0.173828 0.076923
0 0.837891 0.907624 0.107422 0.128434
1 0.341797 0.304602 0.105469 0.028159
1 0.537598 0.304602 0.088867 0.028159
1 0.729004 0.306319 0.104492 0.027473
1 0.930176 0.304602 0.092773 0.028159
1 0.352051 0.469437 0.079102 0.026786
1 0.546387 0.468407 0.090820 0.028846
1 0.746094 0.468407 0.076172 0.028846
1 0.933594 0.470124 0.074219 0.028159
1 0.449219 0.621223 0.101562 0.026786
1 0.701172 0.622253 0.105469 0.027473
1 0.930176 0.622253 0.090820 0.027473
1 0.242676 0.777473 0.100586 0.027473
1 0.475098 0.777473 0.100586 0.027473
1 0.699219 0.777473 0.103516 0.027473
1 0.930176 0.777473 0.102539 0.027473
1 0.369629 0.957418 0.069336 0.023352
1 0.723633 0.960852 0.076172 0.027473
1 0.935547 0.960852 0.076172 0.027473
2 0.240723 0.268201 0.049805 0.017170
2 0.256836 0.286745 0.082031 0.021291
2 0.248047 0.309066 0.064453 0.021978
2 0.334473 0.282624 0.061523 0.013049
2 0.429688 0.279190 0.046875 0.017170
2 0.449219 0.303571 0.085938 0.031593
2 0.628418 0.247253 0.069336 0.016484
2 0.621094 0.280907 0.056641 0.053571
2 0.638672 0.314560 0.089844 0.012363
2 0.824219 0.257212 0.070312 0.017170
2 0.822754 0.286745 0.067383 0.041896
2 0.834473 0.313874 0.090820 0.012363
2 0.924805 0.279533 0.080078 0.021978
2 0.256836 0.422734 0.066406 0.017170
2 0.263184 0.452610 0.083008 0.041209
2 0.267090 0.479396 0.088867 0.012363
2 0.348633 0.442995 0.078125 0.020604
2 0.438965 0.422734 0.067383 0.017170
2 0.451172 0.447459 0.095703 0.030907
2 0.449219 0.474588 0.089844 0.021978
2 0.535645 0.444712 0.063477 0.011676
2 0.742676 0.377404 0.069336 0.015797
2 0.744629 0.401442 0.075195 0.032280
2 0.747559 0.423420 0.083008 0.010302
2 0.742188 0.442995 0.064453 0.020604
2 0.926758 0.367102 0.070312 0.017170
2 0.926758 0.397321 0.074219 0.041896
2 0.931641 0.425481 0.082031 0.010302
2 0.930176 0.442995 0.079102 0.020604
2 0.433594 0.533310 0.070312 0.017170
2 0.438477 0.552885 0.082031 0.021978
2 0.430176 0.574863 0.063477 0.021978
2 0.430176 0.597527 0.063477 0.012363
2 0.683594 0.533310 0.068359 0.015797
2 0.683594 0.557005 0.068359 0.031593
2 0.693848 0.589973 0.090820 0.031593
2 0.921387 0.534341 0.069336 0.016484
2 0.919434 0.557692 0.069336 0.032967
2 0.931641 0.584135 0.089844 0.021291
2 0.917969 0.600962 0.060547 0.012363
2 0.228516 0.692308 0.070312 0.016484
2 0.232422 0.710852 0.082031 0.020604
2 0.237305 0.725962 0.089844 0.009615
2 0.225098 0.751374 0.065430 0.020604
2 0.353516 0.741071 0.085938 0.030220
2 0.364258 0.767514 0.109375 0.021291
2 0.355469 0.783310 0.089844 0.010302
2 0.456055 0.751374 0.064453 0.020604
2 0.572754 0.736951 0.069336 0.015110
2 0.586426 0.761332 0.094727 0.030907
2 0.583008 0.783310 0.089844 0.011676
2 0.681641 0.751374 0.064453 0.020604
2 0.912598 0.691277 0.069336 0.017170
2 0.917969 0.709821 0.080078 0.018544
2 0.921387 0.726992 0.088867 0.011676
2 0.909180 0.751374 0.064453 0.020604
2 0.252930 0.927885 0.039062 0.015110
2 0.280762 0.948146 0.096680 0.025412
2 0.268555 0.966003 0.068359 0.008929
2 0.371094 0.934753 0.066406 0.019231
2 0.610840 0.922734 0.045898 0.017170
2 0.617676 0.946429 0.059570 0.031593
2 0.629883 0.968407 0.083984 0.012363
2 0.718750 0.933723 0.062500 0.021291
2 0.933594 0.882212 0.068359 0.017170
2 0.924805 0.905907 0.052734 0.031593
3 0.305176 0.248283 0.188477 0.149038
3 0.494141 0.238668 0.187500 0.166896
3 0.686523 0.240041 0.197266 0.169643
3 0.884277 0.239011 0.198242 0.168956
3 0.306641 0.418956 0.181641 0.141484
3 0.498047 0.415522 0.199219 0.148352
3 0.691895 0.421360 0.198242 0.132555
3 0.885254 0.421703 0.188477 0.133242
3 0.370117 0.578984 0.275391 0.120879
3 0.634277 0.578640 0.254883 0.121566
3 0.870117 0.577953 0.226562 0.124313
3 0.186035 0.718407 0.229492 0.155220
3 0.417480 0.721497 0.229492 0.147665
3 0.646484 0.718407 0.226562 0.156593
3 0.872559 0.723901 0.231445 0.144231
3 0.319824 0.919986 0.188477 0.110577
3 0.674316 0.904533 0.194336 0.151099
3 0.878906 0.908997 0.208984 0.142170
