0 0.602051 0.199863 0.188477 0.070055
0 0.852051 0.229396 0.180664 0.079670
0 0.419434 0.319712 0.145508 0.052885
0 0.588379 0.333448 0.131836 0.069368
0 0.733887 0.337569 0.088867 0.083104
0 0.909180 0.328984 0.111328 0.072802
0 0.501465 0.459135 0.153320 0.051511
0 0.667969 0.467720 0.144531 0.064560
0 0.820801 0.512363 0.092773 0.060440
0 0.475098 0.635646 0.086914 0.111951
0 0.688965 0.612981 0.151367 0.051511
0 0.888672 0.611951 0.136719 0.049451
0 0.157715 0.810440 0.090820 0.092033
0 0.159668 0.896635 0.100586 0.057005
0 0.405762 0.786058 0.180664 0.052885
0 0.422852 0.900069 0.154297 0.062500
0 0.646973 0.789492 0.143555 0.058379
0 0.603516 0.900069 0.160156 0.058379
0 0.810547 0.786745 0.091797 0.046016
0 0.873047 0.900069 0.144531 0.073489
1 0.663086 0.268201 0.076172 0.028159
1 0.403809 0.393201 0.067383 0.028159
1 0.621094 0.396635 0.097656 0.028159
1 0.780762 0.396635 0.051758 0.028159
1 0.938477 0.396635 0.070312 0.028159
1 0.544434 0.530220 0.055664 0.028846
1 0.721680 0.529190 0.056641 0.028159
1 0.914551 0.529190 0.081055 0.028159
1 0.567383 0.681319 0.078125 0.028846
1 0.744141 0.680632 0.097656 0.028846
1 0.924805 0.679602 0.054688 0.028159
1 0.911133 0.268201 0.076172 0.028159
1 0.251465 0.845124 0.081055 0.026786
1 0.468262 0.843407 0.055664 0.027473
1 0.674805 0.843407 0.056641 0.028846
1 0.907227 0.843407 0.074219 0.027473
1 0.271973 0.970124 0.073242 0.028159
1 0.475098 0.969437 0.083008 0.028159
1 0.699219 0.971154 0.074219 0.028846
1 0.911133 0.970124 0.082031 0.028159
0 0.250977 0.896635 0.083984 0.058379
0 0.716309 0.900069 0.063477 0.058379
0 0.812012 0.834135 0.094727 0.046016
2 0.536133 0.238668 0.052734 0.013049
2 0.556641 0.264080 0.095703 0.039148
2 0.746094 0.247940 0.035156 0.012363
2 0.787598 0.269231 0.122070 0.028846
2 0.385254 0.348558 0.036133 0.013049
2 0.405762 0.364698 0.077148 0.019231
2 0.504883 0.346841 0.035156 0.013736
2 0.520508 0.376374 0.066406 0.046703
2 0.525391 0.405907 0.076172 0.010989
2 0.595215 0.371223 0.051758 0.018544
2 0.699219 0.376374 0.052734 0.012363
2 0.707520 0.396635 0.071289 0.028159
2 0.839844 0.357830 0.054688 0.013736
2 0.850586 0.378091 0.076172 0.026786
2 0.850586 0.402473 0.078125 0.017857
2 0.922852 0.376374 0.048828 0.010989
2 0.416504 0.479396 0.036133 0.013736
2 0.449219 0.499657 0.101562 0.026786
2 0.440430 0.529190 0.082031 0.028159
2 0.537598 0.504808 0.055664 0.016484
2 0.617676 0.518201 0.034180 0.013049
2 0.635254 0.534341 0.071289 0.017857
2 0.905762 0.460852 0.057617 0.013736
2 0.907715 0.476305 0.065430 0.018544
2 0.914551 0.499657 0.077148 0.028159
2 0.544434 0.614698 0.036133 0.012363
2 0.558594 0.628091 0.064453 0.017170
2 0.562012 0.651786 0.071289 0.026099
2 0.633301 0.650069 0.034180 0.013049
2 0.647461 0.670330 0.064453 0.027473
2 0.654297 0.690591 0.078125 0.010302
2 0.720215 0.654190 0.049805 0.018544
2 0.827637 0.641484 0.034180 0.012363
2 0.845215 0.661745 0.069336 0.028159
2 0.845215 0.685440 0.071289 0.017857
2 0.919922 0.659341 0.048828 0.010989
2 0.238770 0.765797 0.053711 0.012363
2 0.247559 0.786058 0.073242 0.026786
2 0.233887 0.813874 0.047852 0.027473
2 0.339844 0.808036 0.050781 0.013049
2 0.353516 0.826580 0.082031 0.026786
2 0.336426 0.850275 0.049805 0.017857
2 0.546387 0.780907 0.051758 0.012363
2 0.566895 0.819025 0.094727 0.061126
2 0.555176 0.854396 0.073242 0.009615
2 0.895508 0.764080 0.050781 0.013049
2 0.912598 0.784341 0.084961 0.028846
2 0.907227 0.813874 0.076172 0.027473
2 0.110840 0.931319 0.055664 0.012363
2 0.462891 0.823146 0.046875 0.010302
2 0.688965 0.819025 0.083008 0.018544
2 0.157227 0.960852 0.146484 0.045330
2 0.353516 0.924451 0.052734 0.012363
2 0.373047 0.948146 0.095703 0.035027
2 0.354004 0.974245 0.057617 0.018544
2 0.459961 0.948146 0.046875 0.008929
2 0.548340 0.940591 0.034180 0.013049
2 0.572754 0.960852 0.086914 0.027473
2 0.577637 0.980426 0.094727 0.010302
2 0.779297 0.924451 0.035156 0.013736
2 0.803223 0.946429 0.081055 0.034341
2 0.801758 0.973558 0.078125 0.019918
2 0.893555 0.950893 0.048828 0.010302
3 0.604004 0.222527 0.213867 0.130495
3 0.419434 0.349245 0.161133 0.124313
3 0.581055 0.355426 0.201172 0.121566
3 0.738770 0.351648 0.147461 0.127747
3 0.891602 0.351992 0.177734 0.128434
3 0.489258 0.486951 0.191406 0.120879
3 0.672852 0.488668 0.169922 0.116071
3 0.865723 0.497940 0.194336 0.098901
3 0.516602 0.637363 0.189453 0.126374
3 0.701172 0.639766 0.197266 0.118819
3 0.883301 0.639080 0.161133 0.116071
3 0.202637 0.809066 0.192383 0.105769
3 0.405273 0.809409 0.195312 0.107830
3 0.624512 0.808723 0.223633 0.107830
3 0.860352 0.807005 0.203125 0.108516
3 0.195312 0.925824 0.236328 0.122253
3 0.420410 0.926168 0.202148 0.121566
3 0.635254 0.928571 0.237305 0.123626
3 0.857910 0.924107 0.204102 0.128434
