0 0.180176 0.084135 0.182617 0.142170
0 0.344727 0.187157 0.109375 0.091346
0 0.633301 0.154190 0.190430 0.062500
0 0.820801 0.168613 0.067383 0.131181
0 0.133301 0.317995 0.059570 0.129121
0 0.355469 0.319712 0.066406 0.129808
0 0.598145 0.321429 0.100586 0.120879
0 0.875977 0.311470 0.197266 0.059753
0 0.171387 0.451580 0.168945 0.080357
0 0.344727 0.470124 0.107422 0.118819
0 0.631348 0.451580 0.151367 0.106456
0 0.869141 0.449863 0.128906 0.107143
0 0.171387 0.603709 0.176758 0.070055
0 0.394043 0.593407 0.178711 0.074176
0 0.653809 0.595124 0.161133 0.074863
0 0.822266 0.628091 0.111328 0.102335
0 0.105469 0.784341 0.105469 0.097527
0 0.394043 0.749657 0.178711 0.085852
0 0.638672 0.749657 0.158203 0.089973
0 0.872559 0.749657 0.161133 0.078984
0 0.117188 0.926168 0.128906 0.118819
0 0.416016 0.893201 0.148438 0.085852
0 0.629883 0.905907 0.136719 0.101648
0 0.822266 0.929602 0.111328 0.099588
1 0.230469 0.212569 0.097656 0.035027
1 0.452637 0.219437 0.104492 0.026786
1 0.704102 0.219437 0.076172 0.028159
1 0.941895 0.219437 0.077148 0.028159
1 0.219727 0.368819 0.095703 0.028846
1 0.466797 0.370536 0.080078 0.026786
1 0.705566 0.368132 0.079102 0.030220
1 0.944336 0.368819 0.076172 0.027473
1 0.227051 0.518201 0.079102 0.028159
1 0.464844 0.519918 0.080078 0.027473
1 0.690430 0.519918 0.105469 0.027473
1 0.944336 0.520261 0.082031 0.029533
1 0.214844 0.670330 0.105469 0.027473
1 0.466309 0.670330 0.083008 0.027473
1 0.688965 0.670330 0.112305 0.027473
1 0.928711 0.670330 0.107422 0.027473
1 0.216309 0.820742 0.104492 0.026099
1 0.466797 0.820742 0.078125 0.027473
1 0.691895 0.820742 0.104492 0.027473
1 0.944336 0.820742 0.076172 0.027473
1 0.228516 0.971841 0.076172 0.027473
1 0.452637 0.971841 0.106445 0.027473
1 0.704102 0.971841 0.080078 0.028846
1 0.926758 0.971841 0.113281 0.027473
2 0.112793 0.139080 0.116211 0.021291
2 0.114258 0.176168 0.123047 0.052885
2 0.093262 0.216690 0.079102 0.025412
2 0.219727 0.183036 0.076172 0.014423
2 0.426758 0.129121 0.048828 0.017857
2 0.430176 0.154190 0.055664 0.030907
2 0.449219 0.174451 0.089844 0.012363
2 0.431641 0.194025 0.066406 0.019918
2 0.563477 0.212569 0.066406 0.015797
2 0.572754 0.225962 0.086914 0.009615
2 0.898438 0.117102 0.066406 0.015797
2 0.910645 0.148352 0.092773 0.042582
2 0.907715 0.174451 0.083008 0.012363
2 0.944336 0.192995 0.080078 0.020604
2 0.206543 0.262363 0.069336 0.016484
2 0.201172 0.293613 0.064453 0.043269
2 0.197754 0.324863 0.055664 0.020604
2 0.204102 0.345124 0.064453 0.013049
2 0.438477 0.308723 0.091797 0.017170
2 0.419434 0.323146 0.055664 0.010302
2 0.687012 0.257212 0.071289 0.018544
2 0.693848 0.293613 0.086914 0.052885
2 0.693848 0.324863 0.083008 0.012363
2 0.702637 0.343407 0.069336 0.021978
2 0.788086 0.352679 0.046875 0.017170
2 0.806641 0.372940 0.082031 0.021978
2 0.098145 0.493819 0.086914 0.013736
2 0.086426 0.516484 0.067383 0.032967
2 0.438965 0.415179 0.069336 0.017170
2 0.454102 0.446429 0.101562 0.042582
2 0.432129 0.473558 0.057617 0.010302
2 0.466797 0.492102 0.080078 0.021291
2 0.575684 0.504808 0.090820 0.015110
2 0.556641 0.523352 0.054688 0.020604
2 0.801270 0.504121 0.067383 0.015110
2 0.806641 0.522665 0.082031 0.021978
2 0.077637 0.643201 0.045898 0.017170
2 0.094727 0.666896 0.082031 0.031593
2 0.350098 0.644918 0.116211 0.016484
2 0.324219 0.668613 0.068359 0.032280
2 0.551758 0.633929 0.044922 0.016484
2 0.576172 0.652473 0.095703 0.020604
2 0.560547 0.675481 0.064453 0.021291
2 0.663086 0.646635 0.062500 0.011676
2 0.919434 0.565591 0.067383 0.017170
2 0.916016 0.595124 0.066406 0.041896
2 0.916016 0.627060 0.062500 0.021978
2 0.909180 0.646635 0.064453 0.011676
2 0.209473 0.727679 0.092773 0.032280
2 0.204102 0.755495 0.082031 0.020604
2 0.194336 0.777473 0.060547 0.023352
2 0.194336 0.797734 0.064453 0.011676
2 0.313477 0.803915 0.048828 0.015797
2 0.331055 0.823146 0.082031 0.021291
2 0.551758 0.803915 0.044922 0.017170
2 0.565430 0.823146 0.074219 0.021291
2 0.789551 0.781937 0.045898 0.017170
2 0.803223 0.812157 0.073242 0.041896
2 0.209961 0.898352 0.044922 0.016484
2 0.214844 0.924451 0.058594 0.030220
2 0.325684 0.933723 0.069336 0.017170
2 0.324219 0.953297 0.068359 0.020604
2 0.336426 0.974245 0.088867 0.019918
2 0.433594 0.948146 0.060547 0.011676
2 0.551758 0.946429 0.044922 0.016484
2 0.568848 0.964973 0.081055 0.020604
2 0.557129 0.981113 0.055664 0.010302
2 0.697266 0.946429 0.064453 0.020604
2 0.930176 0.882212 0.098633 0.014423
2 0.909180 0.905907 0.054688 0.031593
2 0.910645 0.928915 0.053711 0.010302
2 0.904297 0.946429 0.060547 0.020604
3 0.166016 0.121223 0.242188 0.228709
3 0.396973 0.175137 0.227539 0.120879
3 0.635254 0.176854 0.225586 0.118819
3 0.884766 0.168613 0.214844 0.142170
3 0.185059 0.317308 0.182617 0.141484
3 0.413574 0.319368 0.200195 0.141484
3 0.645996 0.315247 0.215820 0.144231
3 0.874512 0.331731 0.229492 0.112637
3 0.159668 0.471841 0.229492 0.130495
3 0.397461 0.470467 0.230469 0.135989
3 0.636719 0.465316 0.228516 0.146291
3 0.875488 0.464973 0.233398 0.146978
3 0.160645 0.626030 0.227539 0.124313
3 0.398926 0.619849 0.231445 0.139423
3 0.636719 0.621566 0.232422 0.135989
3 0.873535 0.619849 0.229492 0.136676
3 0.159668 0.771978 0.231445 0.130495
3 0.396973 0.770604 0.229492 0.135989
3 0.635742 0.768887 0.228516 0.139423
3 0.873535 0.771978 0.229492 0.134615
3 0.159668 0.925824 0.229492 0.130495
3 0.398926 0.917926 0.227539 0.143544
3 0.636230 0.920330 0.227539 0.140110
3 0.874512 0.929602 0.231445 0.120192
