0 0.546387 0.102062 0.081055 0.072165
0 0.223633 0.249141 0.187500 0.084536
0 0.233887 0.322337 0.166992 0.092096
0 0.240723 0.420275 0.176758 0.110653
0 0.817383 0.245361 0.189453 0.105842
0 0.615723 0.250172 0.211914 0.125086
0 0.542969 0.352921 0.195312 0.094158
0 0.712891 0.390722 0.167969 0.156014
0 0.104004 0.563574 0.102539 0.092096
0 0.254883 0.573196 0.123047 0.074227
0 0.404297 0.569416 0.138672 0.062543
0 0.558594 0.600344 0.056641 0.099656
0 0.904297 0.597938 0.058594 0.041237
0 0.827637 0.587973 0.106445 0.050172
0 0.749512 0.593814 0.063477 0.048110
0 0.091797 0.749485 0.097656 0.123024
0 0.327637 0.745361 0.151367 0.129897
0 0.575684 0.745361 0.077148 0.125773
0 0.794922 0.754983 0.107422 0.110653
0 0.127930 0.879038 0.109375 0.085223
0 0.297852 0.886942 0.142578 0.069416
0 0.469727 0.887629 0.169922 0.079038
0 0.667969 0.887629 0.148438 0.077663
0 0.883301 0.878351 0.108398 0.075601
1 0.468262 0.257045 0.073242 0.028866
1 0.575684 0.438488 0.073242 0.028866
1 0.907715 0.321306 0.055664 0.028179
1 0.869141 0.438832 0.056641 0.028179
1 0.646484 0.636770 0.103516 0.030928
1 0.435059 0.637801 0.069336 0.027491
1 0.284180 0.637801 0.078125 0.028866
1 0.135742 0.637801 0.080078 0.028866
1 0.195801 0.795533 0.094727 0.028179
1 0.451172 0.794502 0.097656 0.028866
1 0.673340 0.793471 0.096680 0.030928
1 0.895508 0.795533 0.074219 0.028179
1 0.154297 0.956014 0.076172 0.028866
1 0.332520 0.956014 0.075195 0.028866
1 0.525391 0.957045 0.076172 0.026804
1 0.722168 0.956701 0.077148 0.030241
1 0.902344 0.956014 0.080078 0.028866
2 0.546387 0.160825 0.088867 0.041237
2 0.155762 0.216495 0.055664 0.021993
2 0.178223 0.353952 0.069336 0.012371
2 0.366211 0.459450 0.082031 0.010309
2 0.402344 0.258076 0.056641 0.028179
2 0.501465 0.442612 0.069336 0.020619
2 0.826172 0.320619 0.046875 0.028179
2 0.791016 0.438488 0.058594 0.028866
2 0.057129 0.622337 0.067383 0.017182
2 0.055664 0.640550 0.068359 0.023368
2 0.210938 0.612715 0.046875 0.014433
2 0.211426 0.635739 0.047852 0.031615
2 0.369629 0.621306 0.067383 0.016495
2 0.363770 0.640206 0.055664 0.021306
2 0.638672 0.572165 0.091797 0.014433
2 0.639160 0.595189 0.094727 0.035739
2 0.829102 0.616151 0.095703 0.011684
2 0.754883 0.624055 0.091797 0.009622
2 0.911133 0.625086 0.050781 0.014433
2 0.169922 0.706873 0.044922 0.017182
2 0.173340 0.738832 0.055664 0.042612
2 0.437012 0.722337 0.069336 0.031615
2 0.435059 0.749485 0.069336 0.019931
2 0.655762 0.719588 0.069336 0.017869
2 0.648926 0.736770 0.055664 0.019244
2 0.892090 0.720275 0.069336 0.016495
2 0.891113 0.746392 0.069336 0.031615
2 0.051270 0.910653 0.045898 0.031615
2 0.065430 0.944674 0.076172 0.032302
2 0.067383 0.964605 0.082031 0.011684
2 0.157227 0.930241 0.078125 0.021306
2 0.235352 0.908935 0.048828 0.017182
2 0.240723 0.943299 0.057617 0.052921
2 0.409180 0.930928 0.046875 0.017182
2 0.430176 0.953952 0.090820 0.031615
2 0.602051 0.939519 0.045898 0.016495
2 0.624512 0.960825 0.092773 0.020619
2 0.808594 0.885567 0.076172 0.014433
2 0.810547 0.927148 0.080078 0.064605
2 0.816895 0.965636 0.088867 0.010997
2 0.902344 0.930241 0.078125 0.021306
3 0.547363 0.123024 0.106445 0.125086
3 0.223633 0.248454 0.208984 0.096907
3 0.232910 0.320619 0.194336 0.107904
3 0.278320 0.419588 0.269531 0.123024
3 0.550781 0.251203 0.367188 0.138144
3 0.827637 0.261168 0.235352 0.162199
3 0.542969 0.379725 0.216797 0.160137
3 0.762695 0.390722 0.289062 0.171134
3 0.098633 0.585223 0.169922 0.146392
3 0.256836 0.593471 0.148438 0.127148
3 0.403809 0.595189 0.153320 0.126460
3 0.613281 0.601718 0.183594 0.112027
3 0.753418 0.598969 0.106445 0.069416
3 0.826660 0.592784 0.118164 0.069416
3 0.906738 0.604467 0.079102 0.066667
3 0.142090 0.748454 0.219727 0.134708
3 0.375977 0.744330 0.265625 0.140206
3 0.627441 0.744330 0.204102 0.138832
3 0.837402 0.754639 0.211914 0.122337
3 0.111328 0.903093 0.181641 0.141581
3 0.291016 0.911340 0.171875 0.129210
3 0.472168 0.908591 0.192383 0.130584
3 0.669434 0.908935 0.194336 0.134021
3 0.855469 0.906186 0.185547 0.139519
