0 0.176270 0.143201 0.125977 0.052885
0 0.305176 0.143201 0.124023 0.051511
0 0.437012 0.160371 0.122070 0.040522
0 0.685059 0.159341 0.120117 0.042582
0 0.919434 0.179602 0.098633 0.077610
0 0.145508 0.325893 0.162109 0.081731
0 0.313965 0.326580 0.163086 0.080357
0 0.471680 0.326580 0.138672 0.083104
0 0.733887 0.326580 0.086914 0.081731
0 0.929688 0.326580 0.093750 0.080357
0 0.121094 0.503091 0.121094 0.059753
0 0.229004 0.466690 0.088867 0.043269
0 0.324219 0.466690 0.093750 0.043269
0 0.459473 0.459135 0.086914 0.048764
0 0.572266 0.490385 0.050781 0.085165
0 0.716309 0.468407 0.124023 0.043956
0 0.885254 0.464973 0.088867 0.076923
0 0.117188 0.661745 0.119141 0.043269
0 0.419434 0.633929 0.127930 0.039835
0 0.659180 0.648352 0.115234 0.052198
0 0.881348 0.646635 0.104492 0.052885
0 0.152344 0.837569 0.091797 0.085852
0 0.301758 0.841003 0.087891 0.094093
0 0.470215 0.841690 0.100586 0.096841
0 0.664551 0.858860 0.118164 0.095467
0 0.799805 0.868819 0.144531 0.063187
0 0.928223 0.849588 0.098633 0.092033
1 0.204102 0.254121 0.060547 0.021978
1 0.333008 0.253091 0.062500 0.022665
0 0.367676 0.905220 0.092773 0.094780
0 0.549805 0.891484 0.101562 0.094780
1 0.587891 0.254121 0.060547 0.021978
1 0.829102 0.253091 0.060547 0.024038
1 0.945801 0.253091 0.063477 0.022665
1 0.356934 0.401099 0.059570 0.021978
1 0.634766 0.400069 0.060547 0.024038
1 0.812012 0.401099 0.059570 0.021978
1 0.959473 0.400069 0.049805 0.024038
1 0.134766 0.589286 0.060547 0.021978
1 0.225098 0.588942 0.063477 0.025412
1 0.341797 0.585852 0.066406 0.023352
1 0.492188 0.586882 0.062500 0.022665
1 0.622559 0.586882 0.063477 0.022665
1 0.742676 0.585852 0.063477 0.021978
1 0.947266 0.585852 0.062500 0.023352
1 0.236816 0.772665 0.067383 0.023352
1 0.483887 0.771635 0.061523 0.022665
1 0.725098 0.773352 0.063477 0.023352
1 0.943848 0.771635 0.090820 0.024038
1 0.209961 0.968407 0.060547 0.021978
1 0.388184 0.969437 0.059570 0.021291
1 0.557129 0.970124 0.088867 0.022665
1 0.666016 0.969437 0.060547 0.022665
1 0.780762 0.968407 0.061523 0.021978
1 0.924805 0.969437 0.085938 0.022665
0 0.176270 0.196429 0.122070 0.050824
0 0.306641 0.195742 0.123047 0.049451
0 0.558594 0.159341 0.119141 0.037088
0 0.438477 0.201580 0.121094 0.039148
0 0.560059 0.200893 0.122070 0.040522
0 0.803223 0.161058 0.114258 0.039148
0 0.687012 0.201580 0.118164 0.039148
0 0.804688 0.201580 0.115234 0.039148
0 0.610352 0.324863 0.138672 0.083791
0 0.822754 0.328297 0.086914 0.079670
0 0.229004 0.510646 0.088867 0.044643
0 0.324219 0.510646 0.091797 0.043269
0 0.416504 0.507212 0.084961 0.047390
0 0.503418 0.507212 0.084961 0.047390
0 0.621094 0.488668 0.048828 0.084478
0 0.716309 0.510646 0.120117 0.040522
0 0.834473 0.525069 0.090820 0.077610
0 0.931641 0.524382 0.087891 0.077610
0 0.233887 0.662088 0.114258 0.043956
0 0.115723 0.705701 0.114258 0.041896
0 0.231934 0.706044 0.118164 0.043956
0 0.358887 0.672047 0.122070 0.037775
0 0.358887 0.707418 0.122070 0.034341
0 0.480469 0.672047 0.117188 0.035027
0 0.482422 0.708448 0.123047 0.036401
0 0.606934 0.700893 0.114258 0.051511
0 0.720215 0.699863 0.112305 0.049451
0 0.831055 0.699863 0.099609 0.052198
0 0.933594 0.700893 0.105469 0.051511
0 0.105469 0.898352 0.093750 0.086538
0 0.202637 0.896635 0.096680 0.088599
2 0.140137 0.231113 0.055664 0.013049
2 0.138184 0.250687 0.055664 0.024725
2 0.267090 0.231113 0.036133 0.013049
2 0.270508 0.249657 0.044922 0.025412
2 0.396973 0.221841 0.036133 0.012363
2 0.424805 0.246223 0.093750 0.033654
2 0.655762 0.221841 0.043945 0.010989
2 0.662598 0.246223 0.057617 0.033654
2 0.896973 0.231113 0.055664 0.013049
2 0.890137 0.249657 0.045898 0.025412
2 0.100098 0.380495 0.057617 0.010989
2 0.117676 0.400069 0.090820 0.025412
2 0.435059 0.380838 0.057617 0.011676
2 0.438965 0.400069 0.069336 0.026786
2 0.714844 0.378091 0.037109 0.013049
2 0.735352 0.399382 0.078125 0.025412
2 0.896973 0.369505 0.055664 0.015110
2 0.907227 0.385646 0.076172 0.017170
2 0.900391 0.404190 0.064453 0.017170
2 0.082520 0.556319 0.055664 0.012363
2 0.072754 0.571429 0.038086 0.016484
2 0.076172 0.589286 0.046875 0.017857
2 0.129883 0.569712 0.048828 0.010302
2 0.208008 0.538462 0.056641 0.012363
2 0.219727 0.557005 0.080078 0.026099
2 0.292969 0.547734 0.054688 0.013049
2 0.288086 0.566621 0.044922 0.026099
2 0.337891 0.567995 0.050781 0.009615
2 0.287598 0.587569 0.043945 0.017170
2 0.416504 0.538462 0.055664 0.012363
2 0.440430 0.563187 0.103516 0.034341
2 0.485840 0.567995 0.051758 0.009615
2 0.410645 0.588599 0.045898 0.017857
2 0.562012 0.540179 0.040039 0.010302
2 0.575684 0.562157 0.067383 0.035027
2 0.565430 0.589286 0.044922 0.017857
2 0.617188 0.567995 0.048828 0.009615
2 0.678223 0.547734 0.036133 0.013049
2 0.680176 0.571429 0.045898 0.034341
2 0.681641 0.593407 0.044922 0.009615
2 0.740723 0.565591 0.057617 0.017170
2 0.810059 0.556319 0.057617 0.015110
2 0.841797 0.580014 0.123047 0.035027
2 0.093262 0.725275 0.057617 0.012363
2 0.122559 0.753091 0.120117 0.043269
2 0.098633 0.779190 0.066406 0.008929
2 0.235840 0.751374 0.059570 0.017857
2 0.320801 0.749657 0.038086 0.014423
2 0.369629 0.771635 0.131836 0.025412
2 0.567383 0.734547 0.037109 0.013049
2 0.606934 0.757212 0.116211 0.033654
2 0.583008 0.779190 0.068359 0.010302
2 0.727051 0.751374 0.063477 0.016484
2 0.819336 0.742102 0.078125 0.011676
2 0.816895 0.760646 0.073242 0.026786
2 0.804688 0.780220 0.044922 0.009615
2 0.084473 0.948146 0.055664 0.013049
2 0.098145 0.966690 0.083008 0.025412
2 0.930176 0.752404 0.055664 0.018544
2 0.266602 0.948146 0.019531 0.011676
2 0.299805 0.966690 0.089844 0.026786
2 0.447754 0.938874 0.036133 0.013736
2 0.463379 0.959135 0.067383 0.025412
2 0.461426 0.975962 0.065430 0.009615
2 0.546387 0.948146 0.063477 0.017170
2 0.662598 0.920330 0.055664 0.013736
2 0.672852 0.940591 0.076172 0.025412
2 0.777344 0.920330 0.054688 0.013736
2 0.786133 0.939904 0.076172 0.025412
2 0.926758 0.904190 0.091797 0.013049
2 0.923340 0.918613 0.086914 0.015797
2 0.912598 0.933036 0.067383 0.008929
2 0.907227 0.948146 0.052734 0.017170
3 0.174805 0.189560 0.140625 0.159341
3 0.301758 0.190591 0.146484 0.157280
3 0.496094 0.201580 0.265625 0.138049
3 0.742676 0.201580 0.254883 0.138049
3 0.923340 0.201580 0.127930 0.133929
3 0.229004 0.347527 0.348633 0.137363
3 0.540039 0.347871 0.291016 0.138049
3 0.777832 0.348214 0.192383 0.137363
3 0.926270 0.349588 0.131836 0.135989
3 0.118164 0.534341 0.142578 0.138736
3 0.228516 0.521978 0.103516 0.164835
3 0.320801 0.520604 0.122070 0.160714
3 0.460449 0.516140 0.184570 0.169643
3 0.599609 0.521635 0.126953 0.160027
3 0.715332 0.521291 0.141602 0.159341
3 0.880371 0.512019 0.211914 0.179258
3 0.174805 0.711538 0.248047 0.151099
3 0.420410 0.697802 0.256836 0.178571
3 0.662598 0.702610 0.243164 0.171703
3 0.884766 0.702266 0.222656 0.173764
3 0.153320 0.886676 0.205078 0.193681
3 0.336914 0.886332 0.175781 0.195742
3 0.510742 0.886676 0.199219 0.199176
3 0.665527 0.894231 0.137695 0.178571
3 0.798340 0.907624 0.159180 0.153159
3 0.926758 0.891140 0.117188 0.187500
