0 0.178711 0.160371 0.111328 0.099588
0 0.520508 0.159341 0.103516 0.093407
0 0.676758 0.158654 0.162109 0.076923
0 0.699219 0.251374 0.220703 0.086538
0 0.895508 0.249657 0.154297 0.088599
0 0.114258 0.365385 0.105469 0.093407
0 0.356934 0.421360 0.155273 0.099588
0 0.492676 0.422047 0.110352 0.099588
0 0.650391 0.424794 0.203125 0.099588
0 0.810059 0.420330 0.100586 0.101648
0 0.923340 0.422734 0.112305 0.096841
0 0.134766 0.621223 0.150391 0.166896
0 0.125977 0.762363 0.140625 0.140110
0 0.258301 0.609547 0.159180 0.100962
0 0.410645 0.604396 0.135742 0.111264
0 0.544434 0.604396 0.129883 0.111264
0 0.676758 0.604396 0.136719 0.111264
0 0.799805 0.605426 0.115234 0.107830
0 0.916016 0.604396 0.115234 0.108516
0 0.254883 0.758242 0.109375 0.082418
0 0.371094 0.757212 0.107422 0.083104
0 0.510254 0.758929 0.163086 0.076923
0 0.695801 0.759959 0.196289 0.076236
0 0.888672 0.760646 0.171875 0.072115
0 0.124512 0.898352 0.141602 0.071429
0 0.275391 0.898352 0.142578 0.070055
0 0.442383 0.898352 0.173828 0.070055
0 0.600098 0.898352 0.127930 0.071429
0 0.754883 0.898352 0.167969 0.071429
0 0.909180 0.898352 0.130859 0.070055
1 0.398926 0.326580 0.063477 0.022665
1 0.556641 0.326580 0.060547 0.022665
1 0.758301 0.326580 0.083008 0.022665
1 0.935059 0.326580 0.083008 0.022665
1 0.914551 0.183036 0.083008 0.022665
1 0.225098 0.523352 0.081055 0.024725
1 0.345215 0.523352 0.081055 0.023352
1 0.492676 0.523352 0.061523 0.021978
1 0.645508 0.523352 0.060547 0.023352
1 0.796387 0.523352 0.061523 0.023352
1 0.926270 0.523352 0.061523 0.023352
1 0.303711 0.696429 0.060547 0.021978
1 0.442383 0.696429 0.058594 0.021978
1 0.569336 0.696429 0.060547 0.023352
1 0.712891 0.696429 0.062500 0.023352
1 0.831055 0.696429 0.060547 0.023352
1 0.951172 0.696429 0.062500 0.021978
1 0.166016 0.839973 0.060547 0.021978
1 0.240723 0.839286 0.081055 0.021978
1 0.358887 0.837569 0.083008 0.022665
1 0.546387 0.837569 0.079102 0.022665
1 0.764160 0.838942 0.061523 0.024038
1 0.943848 0.838942 0.061523 0.022665
1 0.156250 0.974245 0.062500 0.024038
1 0.317383 0.974245 0.064453 0.022665
1 0.483887 0.974245 0.063477 0.022665
1 0.631348 0.974245 0.061523 0.022665
1 0.797852 0.974245 0.064453 0.022665
1 0.941895 0.974245 0.065430 0.022665
0 0.282227 0.159341 0.107422 0.097527
0 0.391602 0.161745 0.111328 0.096841
0 0.166016 0.255495 0.107422 0.097527
0 0.275391 0.256525 0.105469 0.095467
0 0.392090 0.255495 0.106445 0.093407
0 0.520508 0.254808 0.103516 0.093407
0 0.218262 0.365385 0.106445 0.089286
0 0.117676 0.451580 0.104492 0.084478
0 0.223633 0.455701 0.105469 0.088599
2 0.301758 0.288462 0.041016 0.013736
2 0.350098 0.315591 0.137695 0.043269
2 0.471680 0.288462 0.037109 0.013736
2 0.485840 0.312157 0.065430 0.035027
2 0.485840 0.334135 0.065430 0.008929
2 0.558594 0.305632 0.066406 0.019231
2 0.631348 0.306319 0.055664 0.013736
2 0.646973 0.320742 0.086914 0.017857
2 0.657227 0.334135 0.107422 0.008929
2 0.843262 0.297734 0.057617 0.013049
2 0.883301 0.312157 0.135742 0.015797
2 0.848633 0.328984 0.064453 0.017857
2 0.082520 0.485234 0.038086 0.013049
2 0.121094 0.512363 0.115234 0.043956
2 0.331055 0.475962 0.056641 0.010989
2 0.339844 0.491415 0.076172 0.017170
2 0.357422 0.505495 0.107422 0.008242
2 0.481934 0.485234 0.036133 0.014423
2 0.496094 0.499657 0.066406 0.017170
2 0.633301 0.484547 0.036133 0.013049
2 0.638672 0.499657 0.048828 0.017170
2 0.782715 0.459135 0.038086 0.014423
2 0.819336 0.477679 0.111328 0.025412
2 0.796387 0.499657 0.063477 0.017170
2 0.912598 0.468063 0.038086 0.014423
2 0.926758 0.483516 0.066406 0.016484
2 0.926758 0.501374 0.066406 0.016484
1 0.082520 0.628091 0.053711 0.024038
2 0.074219 0.553915 0.037109 0.014423
2 0.082520 0.573146 0.055664 0.025412
2 0.078125 0.600275 0.046875 0.026099
2 0.237305 0.665179 0.056641 0.013049
1 0.233887 0.679602 0.057617 0.017170
2 0.240723 0.698146 0.065430 0.017170
2 0.377930 0.666209 0.068359 0.010989
2 0.392090 0.679602 0.096680 0.017170
2 0.375977 0.698146 0.064453 0.017170
2 0.506348 0.655907 0.038086 0.013736
2 0.520508 0.672047 0.066406 0.015797
2 0.509766 0.693338 0.042969 0.025412
2 0.631348 0.665179 0.036133 0.013049
2 0.631348 0.680632 0.038086 0.017857
2 0.645508 0.697459 0.064453 0.017170
2 0.769043 0.655907 0.038086 0.012363
2 0.799805 0.672047 0.097656 0.017170
2 0.773438 0.693338 0.044922 0.025412
2 0.888184 0.647665 0.041992 0.015110
2 0.900391 0.666896 0.062500 0.026099
2 0.892090 0.692995 0.043945 0.026099
2 0.084473 0.799451 0.057617 0.013736
2 0.093262 0.819712 0.077148 0.024038
2 0.087891 0.839973 0.066406 0.017857
2 0.235840 0.791896 0.075195 0.013736
2 0.235352 0.808036 0.076172 0.017170
2 0.252930 0.821429 0.109375 0.009615
2 0.327637 0.791896 0.024414 0.012363
2 0.360352 0.806319 0.087891 0.016484
2 0.371094 0.820742 0.107422 0.009615
2 0.463379 0.808036 0.057617 0.013049
2 0.489258 0.823146 0.109375 0.017170
2 0.466797 0.841690 0.066406 0.017170
2 0.622559 0.815591 0.036133 0.014423
2 0.636719 0.832418 0.068359 0.016484
2 0.659180 0.845124 0.107422 0.008929
2 0.820801 0.815591 0.038086 0.013049
2 0.847168 0.832418 0.086914 0.016484
2 0.857422 0.845124 0.113281 0.008929
2 0.072266 0.943338 0.039062 0.014423
2 0.100098 0.958448 0.096680 0.017170
2 0.084473 0.975962 0.065430 0.017857
2 0.249512 0.949863 0.092773 0.013736
2 0.223145 0.962569 0.038086 0.008929
2 0.237793 0.975275 0.065430 0.017857
2 0.390137 0.942995 0.055664 0.013736
2 0.405762 0.958448 0.086914 0.017170
2 0.393555 0.975962 0.066406 0.016484
2 0.551758 0.941277 0.037109 0.014423
2 0.560059 0.957418 0.055664 0.019231
2 0.565430 0.975275 0.066406 0.016484
2 0.693848 0.941277 0.036133 0.014423
2 0.702637 0.957418 0.055664 0.017857
2 0.708008 0.975962 0.066406 0.017857
2 0.856934 0.942995 0.036133 0.013736
2 0.865723 0.957418 0.057617 0.017857
2 0.871094 0.975962 0.068359 0.017857
2 0.789551 0.152473 0.057617 0.012363
2 0.788086 0.173764 0.056641 0.024725
2 0.816895 0.190591 0.108398 0.008929
3 0.279297 0.223901 0.351562 0.237637
3 0.521973 0.225618 0.151367 0.235577
3 0.776367 0.157624 0.378906 0.085852
3 0.699219 0.273008 0.236328 0.139423
3 0.895996 0.272321 0.176758 0.140797
3 0.167480 0.426168 0.231445 0.227335
3 0.357910 0.451580 0.174805 0.173764
3 0.493164 0.451923 0.130859 0.173077
3 0.649902 0.454327 0.219727 0.169643
3 0.817383 0.451580 0.130859 0.175137
3 0.922363 0.453640 0.129883 0.171016
3 0.135254 0.621909 0.168945 0.177885
3 0.257812 0.632898 0.175781 0.160027
3 0.411621 0.626374 0.153320 0.168956
3 0.544922 0.627060 0.146484 0.168956
3 0.677246 0.628434 0.153320 0.168956
3 0.802246 0.629121 0.133789 0.167582
3 0.920410 0.629121 0.137695 0.166209
3 0.126953 0.770604 0.162109 0.170330
3 0.255859 0.783997 0.128906 0.146291
3 0.372070 0.781593 0.125000 0.144231
3 0.511719 0.784684 0.179688 0.140797
3 0.696289 0.785714 0.214844 0.138736
3 0.889160 0.786745 0.186523 0.135302
3 0.125488 0.923764 0.157227 0.133242
3 0.277344 0.924451 0.160156 0.131868
3 0.442871 0.924107 0.186523 0.132555
3 0.601074 0.923764 0.149414 0.131868
3 0.754883 0.923077 0.183594 0.131868
3 0.907227 0.923764 0.150391 0.129121
