0 0.414551 0.244849 0.192383 0.040522
0 0.622559 0.260646 0.040039 0.120192
0 0.813965 0.261676 0.065430 0.120879
0 0.199219 0.385646 0.179688 0.085852
0 0.379883 0.416209 0.080078 0.133242
0 0.606934 0.416896 0.088867 0.137363
0 0.829102 0.421360 0.080078 0.125687
0 0.121094 0.585165 0.074219 0.122253
0 0.284180 0.587569 0.052734 0.111951
0 0.499512 0.583448 0.057617 0.118819
0 0.716309 0.561470 0.166992 0.055632
0 0.926758 0.549451 0.083984 0.098901
0 0.122559 0.738668 0.073242 0.131181
0 0.324219 0.736264 0.078125 0.133242
0 0.496094 0.742102 0.076172 0.122940
0 0.735840 0.714973 0.120117 0.094780
0 0.916016 0.714286 0.126953 0.097527
0 0.166016 0.864698 0.169922 0.065934
0 0.356934 0.863668 0.147461 0.061126
0 0.529297 0.868819 0.138672 0.075549
0 0.681641 0.911058 0.101562 0.105082
0 0.912598 0.867102 0.100586 0.084478
1 0.470215 0.306319 0.079102 0.027473
1 0.700684 0.306319 0.104492 0.028846
1 0.909668 0.307349 0.102539 0.029533
1 0.258301 0.466690 0.104492 0.030907
1 0.466797 0.466690 0.080078 0.029533
1 0.709473 0.466690 0.075195 0.029533
1 0.933594 0.467720 0.103516 0.030220
1 0.210938 0.629808 0.078125 0.027473
1 0.369629 0.628091 0.102539 0.028159
1 0.574219 0.629121 0.082031 0.028846
1 0.746094 0.629121 0.103516 0.030220
1 0.935059 0.629121 0.102539 0.028846
1 0.203125 0.790179 0.078125 0.026786
1 0.409180 0.790179 0.078125 0.028159
1 0.576172 0.790179 0.080078 0.028159
1 0.756348 0.791552 0.090820 0.028159
1 0.938477 0.790179 0.091797 0.028159
1 0.204102 0.951580 0.095703 0.028159
1 0.392090 0.951580 0.084961 0.028159
1 0.575684 0.951580 0.083008 0.028159
1 0.773438 0.952610 0.076172 0.028846
1 0.937012 0.951580 0.083008 0.028159
2 0.322266 0.255495 0.044922 0.017857
2 0.348633 0.292926 0.103516 0.054258
2 0.464844 0.282624 0.064453 0.013049
2 0.671387 0.210852 0.047852 0.017857
2 0.687012 0.247253 0.081055 0.053571
2 0.679688 0.282624 0.062500 0.013049
2 0.879883 0.223558 0.044922 0.017170
2 0.884766 0.253777 0.060547 0.044643
2 0.119141 0.440591 0.068359 0.017170
2 0.138672 0.464973 0.109375 0.031593
2 0.454102 0.363668 0.046875 0.018544
2 0.470215 0.401099 0.083008 0.052198
2 0.461426 0.440591 0.065430 0.021291
2 0.700684 0.400069 0.069336 0.017170
2 0.700684 0.418613 0.067383 0.019918
2 0.923340 0.365385 0.083008 0.012363
2 0.929688 0.399038 0.097656 0.054945
2 0.916016 0.442308 0.066406 0.021978
2 0.190430 0.532624 0.041016 0.014423
2 0.199219 0.569025 0.062500 0.055632
2 0.375977 0.536745 0.117188 0.018544
2 0.372559 0.567995 0.114258 0.042582
2 0.360352 0.602679 0.082031 0.021291
2 0.568848 0.524038 0.067383 0.017857
2 0.562012 0.550481 0.055664 0.030907
2 0.565430 0.582418 0.066406 0.031593
2 0.567383 0.604396 0.064453 0.012363
2 0.652344 0.612981 0.044922 0.015797
2 0.662598 0.632212 0.067383 0.021291
2 0.848145 0.547047 0.067383 0.018544
2 0.843262 0.599245 0.065430 0.087225
2 0.922852 0.602679 0.080078 0.021291
2 0.219727 0.686470 0.111328 0.017170
2 0.214355 0.721154 0.106445 0.054945
2 0.204102 0.762363 0.078125 0.020604
2 0.392090 0.682349 0.045898 0.018544
2 0.402344 0.729396 0.070312 0.074176
2 0.563965 0.711195 0.053711 0.013049
2 0.582031 0.735234 0.089844 0.032280
2 0.569824 0.765110 0.063477 0.020604
2 0.657227 0.743132 0.044922 0.017857
2 0.667969 0.779190 0.068359 0.054258
2 0.744141 0.766484 0.062500 0.013736
2 0.843262 0.743132 0.047852 0.019231
2 0.855469 0.779190 0.074219 0.054258
2 0.926758 0.766484 0.066406 0.013736
2 0.112305 0.890453 0.058594 0.014423
2 0.153320 0.930975 0.138672 0.069368
2 0.291504 0.890797 0.055664 0.015110
2 0.299805 0.931319 0.078125 0.070055
2 0.390137 0.926511 0.079102 0.021978
2 0.473145 0.916552 0.055664 0.014423
2 0.485352 0.942995 0.080078 0.043956
2 0.574219 0.926854 0.080078 0.022665
2 0.752441 0.865385 0.036133 0.013736
2 0.766602 0.891484 0.068359 0.042582
2 0.775391 0.927198 0.080078 0.021978
2 0.853516 0.916209 0.056641 0.013736
2 0.857422 0.945398 0.066406 0.041896
2 0.932129 0.926511 0.071289 0.021978
3 0.403809 0.272321 0.231445 0.105082
3 0.676270 0.260646 0.165039 0.132555
3 0.871094 0.260646 0.195312 0.132555
3 0.197754 0.412775 0.245117 0.152473
3 0.424805 0.415179 0.189453 0.144918
3 0.654297 0.415179 0.203125 0.150412
3 0.885254 0.419986 0.213867 0.139423
3 0.166504 0.584135 0.180664 0.133929
3 0.345215 0.584821 0.190430 0.125687
3 0.541016 0.578984 0.158203 0.137363
3 0.714844 0.586538 0.181641 0.119505
3 0.896973 0.571429 0.190430 0.152473
3 0.178223 0.737981 0.204102 0.144918
3 0.366699 0.736264 0.178711 0.145604
3 0.543945 0.742102 0.187500 0.133929
3 0.717773 0.735577 0.185547 0.151099
3 0.901855 0.735577 0.186523 0.152473
3 0.166992 0.897665 0.187500 0.145604
3 0.347656 0.898695 0.185547 0.146291
3 0.531250 0.898008 0.187500 0.147665
3 0.721191 0.912431 0.200195 0.121566
3 0.902832 0.895948 0.166992 0.151786
