0 0.896973 0.086598 0.108398 0.138832
0 0.063965 0.179381 0.069336 0.108591
0 0.244629 0.180069 0.069336 0.107216
0 0.432129 0.175601 0.069336 0.107904
0 0.624512 0.178007 0.077148 0.105842
0 0.103516 0.294845 0.111328 0.082474
0 0.289551 0.293471 0.124023 0.067354
0 0.430176 0.329210 0.041992 0.104467
0 0.633301 0.328522 0.083008 0.103093
0 0.806641 0.330241 0.076172 0.103780
0 0.129395 0.454983 0.114258 0.104467
0 0.312012 0.449141 0.092773 0.103780
0 0.483887 0.446392 0.098633 0.091409
0 0.704590 0.453952 0.098633 0.098282
0 0.863770 0.445361 0.120117 0.074227
0 0.057129 0.620275 0.071289 0.128522
0 0.319336 0.597251 0.095703 0.098969
0 0.447266 0.622680 0.099609 0.123711
0 0.632812 0.621993 0.089844 0.123711
0 0.899902 0.600687 0.084961 0.109966
0 0.117676 0.749141 0.086914 0.105842
0 0.247559 0.782818 0.041992 0.101718
0 0.450684 0.768385 0.100586 0.118213
0 0.778809 0.750859 0.069336 0.096907
0 0.903809 0.758763 0.073242 0.086598
0 0.044922 0.927491 0.058594 0.116151
0 0.201172 0.930928 0.050781 0.107904
0 0.364258 0.926117 0.064453 0.117526
0 0.532715 0.910997 0.053711 0.102405
0 0.718262 0.882818 0.090820 0.069416
0 0.893555 0.887973 0.095703 0.074227
1 0.148438 0.219244 0.074219 0.028866
1 0.338379 0.219244 0.079102 0.027491
1 0.528809 0.219588 0.077148 0.028179
1 0.718262 0.219244 0.075195 0.028866
1 0.896973 0.215808 0.102539 0.037113
1 0.147461 0.368729 0.076172 0.026804
1 0.336426 0.368729 0.081055 0.026804
1 0.513184 0.368729 0.100586 0.026804
1 0.722168 0.368729 0.084961 0.026804
1 0.893555 0.368729 0.089844 0.028179
1 0.136230 0.520619 0.102539 0.029553
1 0.324219 0.520619 0.103516 0.026804
1 0.527344 0.520619 0.074219 0.028179
1 0.716797 0.520619 0.076172 0.028179
1 0.910645 0.520275 0.077148 0.028866
1 0.144043 0.669759 0.077148 0.029553
1 0.343262 0.669416 0.069336 0.028866
1 0.535645 0.669416 0.071289 0.028866
1 0.719727 0.669416 0.074219 0.028866
1 0.908691 0.670447 0.079102 0.028179
1 0.133301 0.819244 0.104492 0.028866
1 0.334961 0.820275 0.080078 0.026804
1 0.532227 0.815464 0.060547 0.026804
1 0.796387 0.823368 0.059570 0.021993
1 0.914551 0.823368 0.057617 0.021993
1 0.114258 0.971478 0.078125 0.029553
1 0.270996 0.970447 0.081055 0.031615
1 0.430176 0.972509 0.077148 0.028866
1 0.598633 0.971821 0.068359 0.028866
1 0.752441 0.971478 0.071289 0.029553
1 0.912109 0.972165 0.070312 0.030928
2 0.135254 0.130928 0.055664 0.014433
2 0.136719 0.159794 0.058594 0.043299
2 0.329102 0.139519 0.095703 0.016495
2 0.329590 0.165636 0.098633 0.032990
2 0.520508 0.130928 0.091797 0.017182
2 0.506348 0.158763 0.067383 0.042612
2 0.706055 0.131959 0.074219 0.015120
2 0.699219 0.154983 0.066406 0.033677
2 0.693848 0.176976 0.051758 0.007560
2 0.712891 0.192784 0.064453 0.021306
2 0.810547 0.129897 0.062500 0.041237
2 0.824219 0.172509 0.089844 0.042612
2 0.807129 0.214777 0.057617 0.041924
2 0.888184 0.185911 0.083008 0.017182
2 0.044434 0.342612 0.055664 0.014433
2 0.051270 0.364948 0.069336 0.031615
2 0.244629 0.341924 0.069336 0.017182
2 0.251465 0.361856 0.081055 0.021306
2 0.251465 0.376976 0.083008 0.011684
2 0.327637 0.341924 0.063477 0.021306
2 0.485352 0.290378 0.044922 0.017182
2 0.494629 0.326117 0.067383 0.052921
2 0.707520 0.281100 0.055664 0.013746
2 0.720215 0.303436 0.084961 0.030928
2 0.711426 0.335739 0.067383 0.033677
2 0.876465 0.280069 0.055664 0.014433
2 0.896973 0.304124 0.096680 0.030928
2 0.881348 0.335739 0.067383 0.033677
2 0.053223 0.483849 0.069336 0.016495
2 0.047852 0.513746 0.060547 0.041924
2 0.232422 0.492784 0.048828 0.017869
2 0.239258 0.517526 0.062500 0.030241
2 0.432129 0.483849 0.067383 0.016495
2 0.438965 0.512371 0.083008 0.043299
2 0.622559 0.482818 0.069336 0.017182
2 0.626465 0.512715 0.081055 0.041237
2 0.801758 0.494502 0.046875 0.017182
2 0.816895 0.518557 0.075195 0.032302
2 0.123047 0.557045 0.046875 0.017182
2 0.136719 0.592440 0.078125 0.054983
2 0.140137 0.625430 0.084961 0.012371
2 0.147461 0.642955 0.080078 0.024055
2 0.234375 0.621306 0.046875 0.016495
2 0.249512 0.656701 0.083008 0.055670
2 0.523438 0.558076 0.046875 0.019244
2 0.527344 0.588660 0.058594 0.043299
2 0.534180 0.631615 0.066406 0.045361
2 0.706055 0.593471 0.048828 0.018557
2 0.716309 0.618557 0.069336 0.031615
2 0.813965 0.620275 0.069336 0.017182
2 0.813477 0.657045 0.070312 0.053608
2 0.041016 0.783849 0.048828 0.033677
2 0.049805 0.817182 0.062500 0.031615
2 0.312012 0.722337 0.071289 0.019244
2 0.313965 0.763230 0.073242 0.062543
2 0.520508 0.715808 0.035156 0.025430
2 0.527344 0.744330 0.054688 0.031615
2 0.525391 0.773883 0.048828 0.026117
2 0.534180 0.792784 0.060547 0.011684
2 0.731934 0.794158 0.036133 0.026804
2 0.740723 0.820619 0.053711 0.026117
2 0.848145 0.786942 0.038086 0.027491
2 0.856934 0.816151 0.055664 0.033677
2 0.115723 0.880412 0.069336 0.016495
2 0.113770 0.911684 0.069336 0.043299
2 0.263184 0.891065 0.069336 0.017182
2 0.262207 0.916151 0.069336 0.032990
2 0.428223 0.869072 0.069336 0.017182
2 0.427246 0.895189 0.069336 0.033677
2 0.423340 0.934021 0.065430 0.045361
2 0.597168 0.859794 0.069336 0.016495
2 0.588379 0.890378 0.053711 0.041924
2 0.596680 0.933677 0.070312 0.043299
2 0.685059 0.920619 0.069336 0.017182
2 0.683594 0.946048 0.068359 0.030928
2 0.678223 0.972509 0.055664 0.021993
2 0.750977 0.946392 0.064453 0.021993
2 0.831055 0.914777 0.048828 0.034364
2 0.841309 0.948110 0.069336 0.032302
2 0.911133 0.945361 0.064453 0.021306
2 0.834473 0.974227 0.055664 0.021306
3 0.107422 0.179038 0.169922 0.118900
3 0.292969 0.179381 0.185547 0.118213
3 0.481934 0.176632 0.186523 0.120962
3 0.671875 0.178351 0.187500 0.120275
3 0.865234 0.126117 0.181641 0.228866
3 0.101562 0.317869 0.179688 0.138144
3 0.293945 0.320962 0.179688 0.131959
3 0.486328 0.329210 0.169922 0.114089
3 0.677734 0.329553 0.185547 0.116151
3 0.856934 0.329553 0.192383 0.113402
3 0.103027 0.468041 0.182617 0.142955
3 0.292969 0.464948 0.179688 0.145017
3 0.480957 0.467354 0.178711 0.140206
3 0.671387 0.469072 0.180664 0.138144
3 0.865723 0.471134 0.184570 0.136770
3 0.104004 0.616151 0.180664 0.143643
3 0.293945 0.615808 0.181641 0.145704
3 0.483887 0.616151 0.188477 0.143643
3 0.672363 0.621306 0.184570 0.133333
3 0.863770 0.615120 0.180664 0.145704
3 0.101074 0.765292 0.182617 0.146392
3 0.300781 0.773540 0.166016 0.131271
3 0.480469 0.767010 0.175781 0.134708
3 0.771484 0.768385 0.126953 0.140206
3 0.886230 0.774227 0.127930 0.128522
3 0.084961 0.928179 0.152344 0.127148
3 0.243652 0.931271 0.153320 0.119588
3 0.400391 0.923711 0.150391 0.136082
3 0.566895 0.919244 0.147461 0.142268
3 0.721680 0.917526 0.154297 0.147079
3 0.876953 0.918900 0.154297 0.145704
