0 0.235840 0.228522 0.315430 0.069416
0 0.121094 0.404467 0.087891 0.145017
0 0.142090 0.587629 0.176758 0.122337
0 0.161133 0.758076 0.263672 0.103093
0 0.200684 0.906873 0.149414 0.149141
0 0.856934 0.273196 0.166992 0.164261
0 0.640137 0.485911 0.163086 0.159450
0 0.853516 0.683162 0.179688 0.156701
0 0.593262 0.897595 0.135742 0.175945
1 0.413086 0.288660 0.115234 0.048110
1 0.416016 0.454983 0.119141 0.048110
1 0.364258 0.623711 0.220703 0.054296
1 0.391602 0.792784 0.162109 0.048797
1 0.386719 0.959794 0.175781 0.050172
1 0.709473 0.335739 0.081055 0.019931
1 0.841797 0.554983 0.080078 0.021306
1 0.699219 0.723368 0.080078 0.022680
1 0.884766 0.964605 0.058594 0.024055
2 0.100098 0.263230 0.159180 0.019244
2 0.096680 0.287973 0.152344 0.026117
2 0.072266 0.307560 0.105469 0.014433
2 0.391602 0.256014 0.064453 0.014433
2 0.195801 0.385223 0.061523 0.021306
2 0.254395 0.422337 0.178711 0.052921
2 0.259766 0.464261 0.189453 0.026804
2 0.392090 0.423368 0.065430 0.013746
2 0.296387 0.516151 0.088867 0.021993
2 0.336426 0.547766 0.166992 0.041237
2 0.292969 0.574914 0.080078 0.014433
2 0.288086 0.590034 0.064453 0.011684
2 0.372559 0.683162 0.114258 0.021993
2 0.373047 0.705842 0.123047 0.028866
2 0.360352 0.733333 0.097656 0.026117
2 0.344727 0.758763 0.064453 0.012371
2 0.331055 0.850172 0.058594 0.021993
2 0.360352 0.883162 0.123047 0.041237
2 0.341309 0.909622 0.086914 0.014433
2 0.336426 0.928179 0.067383 0.013058
2 0.672852 0.309278 0.158203 0.024742
2 0.843262 0.525086 0.198242 0.026117
2 0.773438 0.551203 0.060547 0.028866
2 0.687012 0.698282 0.104492 0.024742
2 0.779297 0.941924 0.191406 0.021306
2 0.749512 0.968729 0.131836 0.014433
3 0.245117 0.253952 0.462891 0.132646
3 0.275879 0.406186 0.413086 0.159450
3 0.265137 0.578007 0.438477 0.155326
3 0.250977 0.745017 0.458984 0.156701
3 0.298340 0.908935 0.368164 0.162887
3 0.769043 0.273196 0.364258 0.176632
3 0.747559 0.485223 0.403320 0.175945
3 0.791016 0.683162 0.328125 0.170447
3 0.722656 0.897938 0.416016 0.189003
