0 0.160645 0.335852 0.110352 0.083791
0 0.355469 0.332418 0.117188 0.116758
0 0.534180 0.324863 0.123047 0.115385
0 0.733887 0.323146 0.094727 0.110577
0 0.926758 0.323146 0.095703 0.103709
0 0.162598 0.506525 0.098633 0.107830
0 0.353516 0.512363 0.099609 0.109890
0 0.546387 0.516484 0.100586 0.103022
0 0.735352 0.518201 0.103516 0.102335
0 0.917969 0.516484 0.105469 0.101648
0 0.162598 0.694025 0.112305 0.100962
0 0.353516 0.697459 0.107422 0.096841
0 0.541016 0.695742 0.111328 0.097527
0 0.732422 0.694712 0.111328 0.094093
0 0.923340 0.694712 0.096680 0.095467
0 0.171387 0.874657 0.090820 0.092720
0 0.416504 0.874657 0.083008 0.099588
0 0.650879 0.878091 0.149414 0.063874
0 0.902344 0.877404 0.111328 0.109203
1 0.185547 0.422047 0.078125 0.028159
1 0.375977 0.422047 0.080078 0.028159
1 0.563477 0.422734 0.076172 0.028159
1 0.739258 0.422047 0.103516 0.028159
1 0.947266 0.422734 0.060547 0.028159
1 0.185059 0.606113 0.079102 0.028159
1 0.375977 0.606113 0.078125 0.026786
1 0.560059 0.606113 0.088867 0.028159
1 0.751465 0.606113 0.083008 0.026786
1 0.947266 0.606113 0.058594 0.028159
1 0.180176 0.788805 0.083008 0.029533
1 0.360352 0.786745 0.103516 0.029533
1 0.560059 0.788462 0.083008 0.027473
1 0.752930 0.788462 0.080078 0.027473
1 0.932129 0.788462 0.104492 0.030220
1 0.227051 0.971841 0.079102 0.027473
1 0.452637 0.971841 0.110352 0.027473
1 0.692383 0.971841 0.105469 0.028846
1 0.930176 0.971841 0.104492 0.031593
2 0.079102 0.350962 0.046875 0.017857
2 0.096680 0.385646 0.082031 0.052885
2 0.100586 0.423420 0.089844 0.022665
2 0.178223 0.398352 0.061523 0.012363
2 0.270508 0.361951 0.042969 0.016484
2 0.282227 0.391484 0.076172 0.042582
2 0.289551 0.423420 0.088867 0.021291
2 0.369141 0.398352 0.064453 0.012363
2 0.458008 0.361951 0.042969 0.016484
2 0.475098 0.391484 0.081055 0.043956
2 0.479004 0.424451 0.090820 0.021978
2 0.556641 0.398352 0.062500 0.012363
2 0.648438 0.339286 0.044922 0.016484
2 0.657227 0.374657 0.068359 0.052885
2 0.650879 0.418613 0.053711 0.032280
2 0.721680 0.398352 0.062500 0.010989
2 0.839844 0.361951 0.042969 0.016484
2 0.855469 0.391484 0.082031 0.042582
2 0.860840 0.424451 0.090820 0.021978
2 0.951172 0.397321 0.062500 0.013049
2 0.079102 0.534341 0.044922 0.016484
2 0.095215 0.569712 0.081055 0.052885
2 0.098145 0.607830 0.086914 0.021978
2 0.178223 0.582418 0.061523 0.012363
2 0.268555 0.534341 0.044922 0.016484
2 0.278809 0.569025 0.067383 0.052885
2 0.289551 0.607830 0.090820 0.021978
2 0.369141 0.581731 0.064453 0.012363
2 0.458008 0.545330 0.044922 0.016484
2 0.475586 0.575893 0.083984 0.043269
2 0.475098 0.607830 0.079102 0.020604
2 0.549805 0.582418 0.064453 0.012363
2 0.648438 0.534341 0.044922 0.016484
2 0.662598 0.569712 0.081055 0.052885
2 0.666504 0.606799 0.084961 0.021291
2 0.742188 0.582418 0.062500 0.012363
2 0.850098 0.534341 0.067383 0.016484
2 0.848145 0.569712 0.069336 0.052885
2 0.855469 0.607830 0.082031 0.021978
2 0.951172 0.582418 0.060547 0.012363
2 0.089844 0.728365 0.070312 0.017170
2 0.091309 0.758929 0.073242 0.042582
2 0.093750 0.790865 0.078125 0.021291
2 0.171387 0.764766 0.061523 0.013049
2 0.267090 0.739354 0.045898 0.017170
2 0.266602 0.757898 0.046875 0.021291
2 0.270020 0.785371 0.053711 0.032280
2 0.341797 0.765797 0.062500 0.012363
2 0.458008 0.706387 0.046875 0.017170
2 0.466309 0.747940 0.063477 0.064560
2 0.477051 0.791209 0.083008 0.020604
2 0.551758 0.764766 0.062500 0.013049
2 0.647461 0.707418 0.044922 0.016484
2 0.659180 0.747940 0.068359 0.063187
2 0.666504 0.790179 0.083008 0.021291
2 0.744629 0.764080 0.063477 0.013049
2 0.837891 0.716690 0.044922 0.017170
2 0.848633 0.747253 0.066406 0.042582
2 0.841309 0.785371 0.055664 0.033654
2 0.914551 0.765110 0.065430 0.010989
2 0.077637 0.922734 0.047852 0.015797
2 0.082520 0.947459 0.059570 0.030907
2 0.100098 0.974245 0.092773 0.021291
2 0.219727 0.948146 0.062500 0.013049
2 0.315430 0.933723 0.044922 0.017170
2 0.318848 0.952266 0.055664 0.019918
2 0.333008 0.974245 0.082031 0.021291
2 0.430176 0.948146 0.061523 0.011676
2 0.551758 0.922734 0.048828 0.017170
2 0.565430 0.947459 0.074219 0.030907
2 0.574219 0.974245 0.091797 0.022665
2 0.676758 0.948146 0.062500 0.011676
2 0.791504 0.889080 0.047852 0.017170
2 0.806641 0.930288 0.076172 0.065247
2 0.813965 0.973558 0.090820 0.019918
2 0.913086 0.948146 0.064453 0.013049
3 0.141602 0.364354 0.181641 0.153159
3 0.331543 0.356113 0.184570 0.171016
3 0.519531 0.351992 0.179688 0.179258
3 0.708008 0.350618 0.185547 0.180632
3 0.897461 0.354396 0.173828 0.173077
3 0.138672 0.537088 0.181641 0.175824
3 0.331055 0.536401 0.183594 0.175824
3 0.519531 0.541552 0.181641 0.166896
3 0.709961 0.542239 0.183594 0.162775
3 0.897461 0.542926 0.177734 0.162775
3 0.140137 0.722871 0.176758 0.166896
3 0.329590 0.724588 0.180664 0.162088
3 0.518555 0.723901 0.179688 0.162088
3 0.710449 0.724245 0.180664 0.161401
3 0.898926 0.723558 0.180664 0.162775
3 0.160645 0.906250 0.223633 0.162775
3 0.399902 0.903503 0.225586 0.168269
3 0.638184 0.915179 0.227539 0.149038
3 0.874512 0.904190 0.225586 0.172390
