0 0.688477 0.154533 0.091797 0.081044
0 0.520508 0.152473 0.097656 0.078297
0 0.596680 0.144918 0.087891 0.065934
0 0.438477 0.383929 0.126953 0.090659
0 0.659180 0.390110 0.078125 0.085165
0 0.183594 0.499657 0.166016 0.096841
0 0.412598 0.519918 0.137695 0.130495
0 0.641602 0.514080 0.138672 0.128434
0 0.869141 0.516484 0.183594 0.138736
0 0.161133 0.688874 0.201172 0.054945
0 0.392090 0.693338 0.159180 0.095467
0 0.635254 0.695742 0.208008 0.093407
0 0.871094 0.690591 0.216797 0.059753
0 0.159180 0.860577 0.216797 0.054945
0 0.400391 0.872253 0.113281 0.108516
0 0.634766 0.860234 0.214844 0.052885
0 0.886719 0.882212 0.091797 0.138049
1 0.329102 0.420330 0.078125 0.031593
1 0.749512 0.418613 0.098633 0.030907
1 0.221680 0.601992 0.091797 0.028159
1 0.466797 0.602679 0.074219 0.029533
1 0.704102 0.600962 0.076172 0.028846
1 0.929688 0.602679 0.101562 0.028159
1 0.230469 0.784341 0.074219 0.028846
1 0.466797 0.783310 0.076172 0.029533
1 0.704590 0.784341 0.081055 0.030220
1 0.941895 0.784341 0.077148 0.030220
1 0.230957 0.967376 0.077148 0.030907
1 0.468262 0.967720 0.077148 0.030220
1 0.686035 0.968750 0.114258 0.028159
1 0.940430 0.968407 0.074219 0.028846
2 0.176270 0.391484 0.047852 0.016484
2 0.214844 0.416209 0.130859 0.034341
2 0.570801 0.350962 0.083008 0.016484
2 0.574219 0.391484 0.091797 0.063187
2 0.558594 0.429602 0.058594 0.013049
2 0.737305 0.393201 0.074219 0.024038
2 0.074219 0.564560 0.042969 0.016484
2 0.115723 0.589286 0.127930 0.031593
2 0.112305 0.611951 0.121094 0.012363
2 0.312012 0.575549 0.043945 0.016484
2 0.329590 0.599931 0.081055 0.032280
2 0.574219 0.586538 0.091797 0.016484
2 0.562012 0.605082 0.069336 0.020604
2 0.788086 0.586538 0.044922 0.015110
2 0.804688 0.605426 0.082031 0.022665
2 0.100098 0.769918 0.092773 0.016484
2 0.076172 0.788462 0.048828 0.021978
2 0.313965 0.758929 0.047852 0.016484
2 0.344727 0.782624 0.109375 0.030907
2 0.551758 0.747940 0.046875 0.016484
2 0.562012 0.776442 0.071289 0.043269
2 0.788086 0.747940 0.044922 0.016484
2 0.801270 0.770604 0.073242 0.031593
2 0.792969 0.792926 0.054688 0.011676
2 0.086426 0.919299 0.069336 0.017170
2 0.081055 0.955014 0.058594 0.055632
2 0.346680 0.942308 0.115234 0.017857
2 0.335938 0.966003 0.093750 0.030907
2 0.577637 0.938874 0.088867 0.016484
2 0.565430 0.956387 0.066406 0.018544
2 0.572754 0.972527 0.083008 0.012363
2 0.662598 0.941277 0.063477 0.022665
2 0.801758 0.927885 0.066406 0.016484
2 0.797852 0.958448 0.058594 0.041896
3 0.326660 0.385302 0.368164 0.107143
3 0.664062 0.388393 0.289062 0.102335
3 0.159180 0.534341 0.232422 0.175824
3 0.397461 0.534684 0.226562 0.173764
3 0.635254 0.532624 0.227539 0.172390
3 0.873047 0.532624 0.228516 0.179258
3 0.160156 0.728709 0.230469 0.149725
3 0.396973 0.721841 0.227539 0.163462
3 0.635254 0.723558 0.235352 0.161401
3 0.871094 0.729396 0.236328 0.148352
3 0.160156 0.907624 0.236328 0.160027
3 0.398438 0.899038 0.232422 0.175824
3 0.635254 0.907967 0.235352 0.162088
3 0.873535 0.898352 0.225586 0.179945
