0 0.058594 0.176289 0.068359 0.110653
0 0.260254 0.174227 0.086914 0.113402
0 0.440430 0.183849 0.078125 0.099656
0 0.643555 0.176976 0.031250 0.113402
0 0.896973 0.087629 0.104492 0.154639
0 0.070312 0.326460 0.050781 0.114089
0 0.267090 0.331615 0.045898 0.102405
0 0.424316 0.323368 0.049805 0.120275
0 0.640137 0.323368 0.051758 0.120275
0 0.803223 0.325086 0.047852 0.115464
0 0.052246 0.468041 0.069336 0.133333
0 0.309570 0.446392 0.109375 0.091409
0 0.488770 0.445361 0.133789 0.064605
0 0.681641 0.439519 0.121094 0.072165
0 0.865723 0.447423 0.135742 0.063230
0 0.104004 0.593814 0.147461 0.067354
0 0.288086 0.597251 0.126953 0.093471
0 0.499512 0.601375 0.110352 0.101718
0 0.669434 0.600000 0.088867 0.098969
0 0.816895 0.622680 0.079102 0.115464
0 0.068848 0.775601 0.071289 0.110653
0 0.294922 0.748454 0.091797 0.090722
0 0.444336 0.773540 0.076172 0.118900
0 0.672852 0.756014 0.152344 0.079725
0 0.871094 0.754983 0.128906 0.081787
0 0.115723 0.897595 0.143555 0.056357
0 0.249512 0.935052 0.084961 0.101031
0 0.440430 0.934021 0.080078 0.103093
0 0.625977 0.934708 0.083984 0.098969
0 0.818848 0.927835 0.059570 0.108591
1 0.148926 0.219244 0.075195 0.028866
1 0.343262 0.219244 0.067383 0.028866
1 0.525879 0.218900 0.083008 0.026804
1 0.716797 0.220275 0.076172 0.026804
1 0.909180 0.215808 0.082031 0.034364
1 0.145508 0.371478 0.074219 0.028179
1 0.339844 0.368385 0.074219 0.028866
1 0.511719 0.370447 0.111328 0.027491
1 0.714844 0.369759 0.082031 0.028866
1 0.890137 0.369416 0.112305 0.028179
1 0.138672 0.518213 0.095703 0.028866
1 0.337891 0.518900 0.078125 0.028866
1 0.527344 0.520275 0.080078 0.028866
1 0.719727 0.518900 0.070312 0.028866
1 0.909668 0.519588 0.069336 0.027491
1 0.146973 0.669759 0.079102 0.028179
1 0.336426 0.670447 0.079102 0.028179
1 0.515137 0.670103 0.106445 0.028866
1 0.716797 0.668041 0.076172 0.028866
1 0.902344 0.668729 0.085938 0.027491
1 0.152344 0.821306 0.068359 0.028866
1 0.332520 0.820275 0.100586 0.028179
1 0.530762 0.819931 0.077148 0.028866
1 0.716309 0.819244 0.077148 0.028866
1 0.907227 0.820275 0.076172 0.026804
1 0.145508 0.969759 0.083984 0.028866
1 0.334473 0.972509 0.081055 0.027491
1 0.528809 0.972509 0.075195 0.027491
1 0.712891 0.971478 0.087891 0.028179
1 0.909180 0.970103 0.076172 0.026804
2 0.138184 0.141581 0.069336 0.017869
2 0.129883 0.166667 0.056641 0.032302
2 0.343262 0.114433 0.067383 0.018557
2 0.336426 0.144330 0.057617 0.042612
2 0.339844 0.178007 0.064453 0.021993
2 0.341309 0.197251 0.061523 0.012371
2 0.518555 0.138832 0.068359 0.016495
2 0.511230 0.157388 0.055664 0.019244
2 0.523926 0.178694 0.081055 0.021993
2 0.517090 0.196220 0.063477 0.011684
2 0.707520 0.127835 0.083008 0.016495
2 0.692383 0.152234 0.056641 0.030928
2 0.709473 0.178694 0.088867 0.021993
2 0.709961 0.198282 0.062500 0.011684
2 0.816895 0.141581 0.086914 0.020619
2 0.822754 0.172165 0.104492 0.037801
2 0.798340 0.211340 0.051758 0.040550
2 0.911133 0.186598 0.076172 0.014433
2 0.141602 0.264261 0.068359 0.017182
2 0.135254 0.294158 0.055664 0.042612
2 0.138672 0.327491 0.064453 0.021306
2 0.140137 0.347766 0.063477 0.012371
2 0.318848 0.285567 0.045898 0.017182
2 0.334473 0.306186 0.081055 0.021306
2 0.324219 0.328179 0.054688 0.022680
2 0.333008 0.346048 0.064453 0.013058
2 0.478516 0.280069 0.044922 0.017182
2 0.481934 0.304124 0.055664 0.030928
2 0.496094 0.325430 0.083984 0.011684
2 0.489258 0.344674 0.066406 0.021306
2 0.697266 0.290034 0.046875 0.016495
2 0.707520 0.308935 0.067383 0.019931
2 0.714844 0.325086 0.082031 0.012371
2 0.706055 0.344330 0.064453 0.021993
2 0.857422 0.290722 0.048828 0.017869
2 0.860840 0.308591 0.055664 0.021993
2 0.874512 0.336770 0.081055 0.034364
2 0.113770 0.447079 0.047852 0.017182
2 0.122559 0.471821 0.063477 0.030928
2 0.228516 0.484536 0.044922 0.016495
2 0.250977 0.509966 0.093750 0.031615
2 0.419922 0.473196 0.044922 0.017182
2 0.440430 0.503436 0.083984 0.043299
2 0.426270 0.530928 0.057617 0.011684
2 0.523926 0.495533 0.071289 0.021993
2 0.613770 0.472165 0.045898 0.016495
2 0.631836 0.501718 0.083984 0.041237
2 0.619141 0.528522 0.056641 0.012371
2 0.720215 0.493471 0.069336 0.021993
2 0.799805 0.472165 0.044922 0.016495
2 0.818848 0.501718 0.084961 0.042612
2 0.805176 0.528522 0.055664 0.012371
2 0.910645 0.493814 0.071289 0.024055
2 0.077637 0.634708 0.112305 0.017182
2 0.063477 0.663574 0.083984 0.040550
2 0.254883 0.644330 0.091797 0.017182
2 0.244141 0.669416 0.074219 0.031615
2 0.414551 0.623711 0.045898 0.017182
2 0.421387 0.658763 0.059570 0.052921
2 0.610352 0.640206 0.044922 0.017182
2 0.621094 0.665636 0.066406 0.032302
2 0.881836 0.568385 0.046875 0.016495
2 0.897461 0.598282 0.080078 0.043299
2 0.895508 0.636426 0.074219 0.032990
2 0.152344 0.735395 0.070312 0.017869
2 0.143555 0.754983 0.056641 0.021306
2 0.145020 0.776289 0.055664 0.021306
2 0.148926 0.797595 0.063477 0.011684
2 0.233887 0.785911 0.047852 0.033677
2 0.232422 0.807560 0.046875 0.009622
2 0.238770 0.823024 0.057617 0.021306
2 0.313477 0.794845 0.064453 0.021306
2 0.517090 0.754639 0.043945 0.015120
2 0.518555 0.773883 0.054688 0.021993
2 0.610352 0.803780 0.044922 0.015808
2 0.629883 0.823368 0.085938 0.021993
2 0.801758 0.793814 0.046875 0.016495
2 0.812012 0.817869 0.065430 0.031615
2 0.042969 0.924742 0.048828 0.033677
2 0.060547 0.952234 0.082031 0.021306
2 0.047852 0.974227 0.056641 0.021306
2 0.135254 0.945361 0.065430 0.021306
2 0.315430 0.892784 0.044922 0.016495
2 0.333008 0.910653 0.082031 0.021993
2 0.333008 0.939175 0.082031 0.033677
2 0.508301 0.890378 0.045898 0.015808
2 0.523926 0.907904 0.079102 0.021993
2 0.515137 0.930928 0.061523 0.019931
2 0.523926 0.948454 0.063477 0.010997
2 0.712891 0.888316 0.082031 0.030928
2 0.699219 0.920275 0.056641 0.031615
2 0.895020 0.897251 0.086914 0.014433
2 0.875977 0.920962 0.044922 0.032990
3 0.104004 0.177320 0.176758 0.123711
3 0.296875 0.169416 0.173828 0.138144
3 0.483887 0.181787 0.180664 0.112027
3 0.690918 0.176976 0.145508 0.125773
3 0.860840 0.121306 0.196289 0.235739
3 0.113281 0.320962 0.156250 0.138832
3 0.308105 0.329553 0.153320 0.114777
3 0.483398 0.324055 0.181641 0.129897
3 0.684570 0.323368 0.158203 0.131271
3 0.861816 0.325773 0.182617 0.126460
3 0.291992 0.466667 0.187500 0.141581
3 0.101562 0.466667 0.183594 0.141581
3 0.483398 0.473196 0.183594 0.134021
3 0.674316 0.467698 0.178711 0.139519
3 0.860840 0.474227 0.180664 0.127835
3 0.104004 0.621993 0.178711 0.131959
3 0.292480 0.616838 0.180664 0.145017
3 0.480469 0.617526 0.189453 0.143643
3 0.671387 0.615808 0.182617 0.141581
3 0.861816 0.621306 0.184570 0.131959
3 0.108887 0.777320 0.170898 0.123711
3 0.297363 0.768729 0.186523 0.140893
3 0.487305 0.773883 0.177734 0.130584
3 0.671875 0.774914 0.179688 0.125773
3 0.863770 0.773883 0.182617 0.130584
3 0.103027 0.927148 0.182617 0.125086
3 0.291016 0.934021 0.183594 0.112715
3 0.483887 0.933677 0.182617 0.113402
3 0.670410 0.929210 0.186523 0.125086
3 0.867188 0.928522 0.175781 0.120962
