0 0.100098 0.179602 0.116211 0.105082
0 0.310059 0.173764 0.086914 0.118132
0 0.556641 0.177885 0.044922 0.111264
0 0.786133 0.124657 0.089844 0.217720
0 0.087891 0.326580 0.054688 0.110577
0 0.320801 0.319712 0.079102 0.127060
0 0.603516 0.304602 0.189453 0.072115
0 0.791016 0.323146 0.033203 0.117445
0 0.077637 0.474245 0.047852 0.118819
0 0.322266 0.471841 0.050781 0.119505
0 0.558594 0.478709 0.076172 0.107143
0 0.803711 0.471841 0.044922 0.123626
0 0.075684 0.621223 0.047852 0.125687
0 0.315430 0.622940 0.050781 0.120879
0 0.563965 0.621223 0.051758 0.128434
0 0.803223 0.624657 0.034180 0.117445
0 0.117188 0.751374 0.107422 0.093407
0 0.320801 0.751374 0.104492 0.093407
0 0.480469 0.749657 0.089844 0.096841
0 0.704590 0.747940 0.100586 0.094780
0 0.893555 0.746223 0.099609 0.091346
0 0.123047 0.894918 0.093750 0.093407
0 0.322266 0.895948 0.097656 0.092720
0 0.482422 0.896635 0.089844 0.089973
0 0.708008 0.898352 0.058594 0.056319
0 0.748047 0.904190 0.027344 0.046016
0 0.860352 0.897665 0.083984 0.089286
1 0.199219 0.220124 0.082031 0.028159
1 0.416504 0.220124 0.118164 0.028159
1 0.645020 0.221841 0.116211 0.027473
1 0.895508 0.216690 0.099609 0.035027
1 0.194336 0.369505 0.082031 0.028846
1 0.435547 0.368819 0.078125 0.027473
1 0.671875 0.369849 0.080078 0.029533
1 0.907715 0.368819 0.083008 0.028846
1 0.181641 0.520948 0.109375 0.028159
1 0.430176 0.518201 0.079102 0.028159
1 0.650879 0.520948 0.114258 0.028159
1 0.908691 0.520948 0.083008 0.028159
1 0.181152 0.671360 0.110352 0.029533
1 0.433594 0.670330 0.078125 0.027473
1 0.671387 0.670330 0.077148 0.027473
1 0.890137 0.670330 0.114258 0.027473
1 0.145508 0.819712 0.083984 0.026786
1 0.329102 0.819712 0.097656 0.026786
1 0.515137 0.821429 0.100586 0.026099
1 0.712891 0.819712 0.091797 0.026786
1 0.899902 0.820742 0.096680 0.028846
1 0.136719 0.970124 0.105469 0.028159
1 0.327637 0.970124 0.096680 0.028159
1 0.530762 0.971841 0.079102 0.027473
1 0.716797 0.963255 0.089844 0.029533
1 0.902344 0.971841 0.091797 0.027473
2 0.873047 0.128777 0.085938 0.019918
2 0.891602 0.159341 0.125000 0.038462
2 0.185547 0.135646 0.044922 0.017170
2 0.193848 0.154876 0.067383 0.021291
2 0.191895 0.183723 0.061523 0.035027
2 0.405762 0.123626 0.090820 0.017857
2 0.388672 0.148352 0.060547 0.031593
2 0.402344 0.169299 0.082031 0.011676
2 0.398438 0.194025 0.078125 0.022665
2 0.636719 0.108516 0.089844 0.016484
2 0.619141 0.143201 0.060547 0.050137
2 0.631348 0.178915 0.081055 0.021291
2 0.621094 0.198146 0.064453 0.011676
2 0.159180 0.276786 0.070312 0.016484
2 0.155762 0.301168 0.069336 0.030907
2 0.155762 0.328297 0.061523 0.020604
2 0.187012 0.346154 0.061523 0.010989
2 0.396973 0.299451 0.067383 0.016484
2 0.393555 0.323146 0.056641 0.030907
2 0.527344 0.354396 0.062500 0.013736
2 0.530762 0.372940 0.069336 0.021978
2 0.848145 0.264080 0.047852 0.018544
2 0.885254 0.293613 0.122070 0.041896
2 0.865723 0.321429 0.083008 0.010989
2 0.909180 0.342376 0.080078 0.022665
2 0.160645 0.422734 0.069336 0.017170
2 0.152344 0.448146 0.054688 0.030907
2 0.155762 0.474245 0.065430 0.022665
2 0.157715 0.496223 0.063477 0.011676
2 0.395020 0.422047 0.069336 0.017170
2 0.400879 0.446429 0.086914 0.031593
2 0.390137 0.473214 0.063477 0.021978
2 0.421387 0.495536 0.063477 0.011676
2 0.633301 0.422734 0.069336 0.017170
2 0.638672 0.447459 0.082031 0.030907
2 0.629883 0.474245 0.062500 0.021291
2 0.625977 0.496223 0.062500 0.011676
2 0.862305 0.434753 0.046875 0.017857
2 0.865723 0.452953 0.055664 0.021291
2 0.879883 0.469093 0.083984 0.012363
2 0.900879 0.494505 0.065430 0.020604
2 0.134766 0.588599 0.046875 0.017857
2 0.138672 0.606799 0.054688 0.019918
2 0.153809 0.623970 0.084961 0.011676
2 0.160645 0.644918 0.065430 0.020604
2 0.383301 0.600962 0.069336 0.017857
2 0.376465 0.627060 0.055664 0.031593
2 0.636719 0.606799 0.066406 0.015797
2 0.629395 0.626374 0.055664 0.020604
2 0.850098 0.576580 0.047852 0.017170
2 0.858887 0.601992 0.067383 0.030907
2 0.855469 0.628091 0.064453 0.021291
2 0.866211 0.647321 0.062500 0.013049
2 0.068848 0.794299 0.045898 0.017170
2 0.072754 0.819025 0.053711 0.030907
2 0.232422 0.749657 0.044922 0.017170
2 0.244629 0.786058 0.069336 0.052885
2 0.241211 0.824176 0.064453 0.021978
2 0.320801 0.792926 0.079102 0.021291
2 0.422852 0.793613 0.048828 0.013049
2 0.432129 0.817995 0.067383 0.031593
2 0.621094 0.746223 0.066406 0.017170
2 0.629395 0.783310 0.081055 0.057005
2 0.713379 0.793269 0.086914 0.021978
2 0.619141 0.823832 0.060547 0.021291
2 0.815430 0.749657 0.070312 0.015797
2 0.819336 0.785371 0.082031 0.054258
2 0.813965 0.823146 0.069336 0.021291
2 0.883301 0.797734 0.063477 0.011676
2 0.042969 0.912775 0.046875 0.016484
2 0.053223 0.941277 0.071289 0.041896
2 0.049805 0.974588 0.062500 0.021978
2 0.121094 0.944712 0.072266 0.022665
2 0.244629 0.923077 0.067383 0.017857
2 0.244141 0.947459 0.070312 0.030907
2 0.241211 0.974245 0.060547 0.021291
2 0.316895 0.944712 0.071289 0.021291
2 0.435059 0.933723 0.069336 0.017170
2 0.438965 0.958104 0.081055 0.031593
2 0.441895 0.980426 0.083008 0.011676
2 0.525391 0.944712 0.066406 0.021291
2 0.603516 0.902473 0.029297 0.010989
2 0.622559 0.922047 0.069336 0.024038
2 0.627930 0.957418 0.082031 0.043956
2 0.712891 0.938874 0.074219 0.021978
2 0.804688 0.933723 0.046875 0.017170
2 0.813965 0.963255 0.065430 0.043269
3 0.139160 0.180975 0.213867 0.116071
3 0.371094 0.174107 0.224609 0.128434
3 0.619141 0.167926 0.181641 0.144918
3 0.846680 0.124313 0.228516 0.228022
3 0.145996 0.325893 0.190430 0.122940
3 0.375977 0.319025 0.208984 0.135302
3 0.604492 0.325893 0.228516 0.124313
3 0.861328 0.319712 0.189453 0.138049
3 0.144043 0.473558 0.194336 0.131181
3 0.382812 0.471497 0.187500 0.129808
3 0.613770 0.473558 0.200195 0.128434
3 0.864258 0.471841 0.181641 0.133242
3 0.143066 0.621566 0.198242 0.134615
3 0.380371 0.623626 0.194336 0.130495
3 0.623535 0.620192 0.186523 0.135989
3 0.866699 0.625000 0.174805 0.127747
3 0.116211 0.769231 0.152344 0.137363
3 0.293945 0.769231 0.177734 0.140110
3 0.481934 0.767514 0.176758 0.140797
3 0.673340 0.767514 0.180664 0.142170
3 0.863770 0.768201 0.180664 0.142170
3 0.103027 0.917239 0.184570 0.144918
3 0.292969 0.917582 0.179688 0.142857
3 0.485352 0.918956 0.181641 0.144231
3 0.675781 0.924794 0.189453 0.120192
3 0.865234 0.918269 0.179688 0.141484
