0 0.105469 0.126374 0.097656 0.212912
0 0.352051 0.176168 0.057617 0.113324
0 0.588379 0.168613 0.038086 0.124313
0 0.816895 0.174451 0.034180 0.115385
0 0.119141 0.323146 0.035156 0.120192
0 0.362305 0.321429 0.041016 0.126374
0 0.600586 0.316621 0.064453 0.135989
0 0.815430 0.324176 0.035156 0.118132
0 0.140137 0.472527 0.051758 0.123626
0 0.369141 0.474245 0.058594 0.118819
0 0.606934 0.474588 0.057617 0.118132
0 0.852051 0.475275 0.061523 0.119505
0 0.096680 0.630495 0.052734 0.108516
0 0.282227 0.626374 0.044922 0.115385
0 0.460938 0.633929 0.048828 0.100275
0 0.654297 0.628777 0.062500 0.110577
0 0.836426 0.639080 0.040039 0.074863
0 0.159180 0.753091 0.105469 0.107830
0 0.352051 0.753091 0.104492 0.103709
0 0.525391 0.751374 0.097656 0.108516
0 0.709473 0.739698 0.145508 0.079670
0 0.922852 0.742102 0.080078 0.088599
0 0.143555 0.904190 0.097656 0.109203
0 0.335938 0.907624 0.093750 0.099588
0 0.518555 0.890797 0.160156 0.065934
0 0.740723 0.898352 0.098633 0.094780
0 0.926758 0.900069 0.097656 0.100962
1 0.214844 0.214973 0.121094 0.035714
1 0.445801 0.219437 0.120117 0.028159
1 0.681641 0.219437 0.126953 0.029533
1 0.916504 0.219437 0.131836 0.029533
1 0.216797 0.368819 0.107422 0.028846
1 0.452637 0.370536 0.106445 0.026786
1 0.691895 0.368819 0.108398 0.028846
1 0.916504 0.370536 0.131836 0.026786
1 0.228516 0.518887 0.080078 0.029533
1 0.466797 0.519918 0.082031 0.027473
1 0.704102 0.519918 0.078125 0.027473
1 0.942383 0.519231 0.080078 0.028846
1 0.881836 0.666209 0.048828 0.019231
1 0.181641 0.670330 0.080078 0.027473
1 0.371094 0.670330 0.078125 0.027473
1 0.546387 0.670330 0.112305 0.027473
1 0.740723 0.668613 0.102539 0.029533
1 0.181641 0.819712 0.080078 0.026786
1 0.360840 0.819712 0.098633 0.026786
1 0.560547 0.820742 0.078125 0.026099
1 0.738770 0.820742 0.106445 0.027473
1 0.935059 0.819712 0.092773 0.028159
1 0.174805 0.970124 0.093750 0.028159
1 0.369141 0.970124 0.080078 0.028159
1 0.553711 0.970124 0.095703 0.028159
1 0.750977 0.970124 0.080078 0.028159
1 0.941895 0.970124 0.081055 0.028159
2 0.183594 0.110234 0.056641 0.019918
2 0.197266 0.133929 0.083984 0.024725
2 0.211426 0.155220 0.112305 0.013736
2 0.193848 0.183723 0.081055 0.028159
2 0.423340 0.126374 0.069336 0.016484
2 0.421387 0.150069 0.067383 0.030907
2 0.433594 0.172734 0.089844 0.013049
2 0.419434 0.192995 0.063477 0.020604
2 0.653809 0.115385 0.069336 0.017857
2 0.653809 0.146635 0.069336 0.041896
2 0.664551 0.173764 0.090820 0.012363
2 0.653809 0.194025 0.065430 0.021291
2 0.898926 0.134959 0.092773 0.015797
2 0.917969 0.154190 0.130859 0.019918
2 0.897461 0.176168 0.091797 0.022665
2 0.881836 0.195742 0.062500 0.010989
2 0.193848 0.269231 0.071289 0.017857
2 0.199219 0.299451 0.082031 0.042582
2 0.204590 0.324863 0.090820 0.010989
2 0.193848 0.343407 0.065430 0.020604
2 0.432129 0.273352 0.071289 0.016484
2 0.430176 0.297047 0.069336 0.030907
2 0.428711 0.323146 0.064453 0.021291
2 0.430176 0.346154 0.063477 0.010989
2 0.664551 0.287775 0.045898 0.016484
2 0.681641 0.317995 0.082031 0.042582
2 0.907715 0.275069 0.112305 0.014423
2 0.909180 0.299451 0.115234 0.031593
2 0.895508 0.319712 0.089844 0.011676
2 0.891602 0.343407 0.078125 0.021978
2 0.208008 0.448832 0.048828 0.018544
2 0.208008 0.468407 0.046875 0.021978
2 0.431641 0.449863 0.044922 0.016484
2 0.449219 0.468407 0.082031 0.020604
2 0.690430 0.422047 0.070312 0.017170
2 0.682129 0.446429 0.055664 0.031593
2 0.683594 0.474245 0.056641 0.021291
2 0.697266 0.496223 0.062500 0.010302
2 0.924805 0.462569 0.044922 0.015797
2 0.930176 0.479396 0.059570 0.020604
2 0.169434 0.587569 0.067383 0.017170
2 0.162598 0.607830 0.055664 0.020604
2 0.178223 0.622940 0.081055 0.010989
2 0.176758 0.644231 0.064453 0.020604
2 0.336426 0.595124 0.047852 0.015797
2 0.358887 0.620536 0.094727 0.032280
2 0.535645 0.583448 0.092773 0.017170
2 0.517090 0.602679 0.055664 0.021291
2 0.530762 0.623970 0.081055 0.019918
2 0.735352 0.596841 0.093750 0.016484
2 0.716309 0.617102 0.051758 0.021291
2 0.884766 0.630495 0.052734 0.012363
2 0.874512 0.644918 0.036133 0.016484
2 0.520508 0.646635 0.062500 0.011676
2 0.081055 0.782624 0.046875 0.032280
2 0.084473 0.817308 0.055664 0.031593
2 0.266602 0.774038 0.046875 0.032967
2 0.265137 0.797047 0.045898 0.008929
2 0.270020 0.817995 0.055664 0.031593
2 0.458008 0.804602 0.042969 0.014423
2 0.468262 0.823146 0.069336 0.019918
2 0.645508 0.782624 0.046875 0.017170
2 0.657227 0.812157 0.068359 0.041896
2 0.836426 0.775069 0.045898 0.032280
2 0.850098 0.801168 0.073242 0.019918
2 0.844727 0.823146 0.062500 0.021291
2 0.921875 0.796360 0.062500 0.010302
2 0.077637 0.942995 0.045898 0.016484
2 0.083008 0.968407 0.058594 0.031593
2 0.266602 0.942995 0.046875 0.017857
2 0.271973 0.968407 0.059570 0.031593
2 0.457520 0.942995 0.045898 0.017857
2 0.471680 0.968407 0.076172 0.032967
2 0.645508 0.903503 0.048828 0.017170
2 0.657715 0.935440 0.073242 0.052198
2 0.662598 0.972527 0.081055 0.021978
2 0.746094 0.946429 0.064453 0.012363
2 0.848145 0.922734 0.069336 0.017170
2 0.850098 0.946429 0.073242 0.031593
2 0.841309 0.974245 0.057617 0.021291
2 0.935547 0.947459 0.062500 0.011676
3 0.166016 0.128091 0.240234 0.225962
3 0.416504 0.176168 0.198242 0.125687
3 0.655762 0.169299 0.192383 0.136676
3 0.890137 0.173764 0.202148 0.130495
3 0.185059 0.321429 0.186523 0.131868
3 0.423340 0.321429 0.180664 0.135989
3 0.655762 0.315591 0.188477 0.144918
3 0.888672 0.323832 0.201172 0.131181
3 0.188477 0.471841 0.169922 0.133242
3 0.423340 0.473214 0.184570 0.129121
3 0.661133 0.473558 0.183594 0.131181
3 0.900391 0.474245 0.177734 0.127060
3 0.145020 0.628777 0.168945 0.118819
3 0.333008 0.625687 0.167969 0.125000
3 0.518555 0.628777 0.179688 0.120192
3 0.706055 0.628091 0.185547 0.118819
3 0.862305 0.639080 0.107422 0.084478
3 0.138184 0.766484 0.180664 0.142857
3 0.327637 0.767514 0.178711 0.140797
3 0.518555 0.766484 0.179688 0.141484
3 0.707520 0.766484 0.180664 0.141484
3 0.898438 0.767514 0.179688 0.143544
3 0.138184 0.916896 0.180664 0.144231
3 0.327637 0.916896 0.180664 0.141484
3 0.517090 0.916896 0.178711 0.144231
3 0.708008 0.917926 0.179688 0.143544
3 0.896973 0.916552 0.178711 0.142170
