0 0.273438 0.405907 0.218750 0.346154
0 0.516602 0.166896 0.152344 0.291209
0 0.786133 0.188874 0.166016 0.266484
0 0.568848 0.482830 0.157227 0.201923
0 0.287598 0.842720 0.211914 0.195055
0 0.584473 0.887363 0.153320 0.093407
0 0.678223 0.697459 0.155273 0.118819
0 0.896973 0.789492 0.159180 0.143544
1 0.417969 0.179602 0.072266 0.026786
1 0.657715 0.227679 0.053711 0.026786
1 0.140137 0.567995 0.073242 0.027473
1 0.706055 0.567308 0.099609 0.027473
1 0.535645 0.758242 0.102539 0.026099
1 0.456055 0.920330 0.103516 0.028846
1 0.709961 0.918613 0.076172 0.028159
1 0.926758 0.918613 0.099609 0.028159
2 0.303223 0.157624 0.059570 0.014423
2 0.320801 0.180288 0.094727 0.028159
2 0.657715 0.149725 0.057617 0.015110
2 0.669922 0.168613 0.080078 0.018544
2 0.660645 0.192995 0.063477 0.027473
2 0.122559 0.510646 0.038086 0.014423
2 0.142090 0.533310 0.079102 0.028159
2 0.695801 0.492102 0.077148 0.014423
2 0.695801 0.509615 0.079102 0.017857
2 0.682129 0.533310 0.055664 0.026786
2 0.424805 0.834135 0.039062 0.014423
2 0.438965 0.856799 0.067383 0.028159
2 0.442383 0.885646 0.074219 0.026786
2 0.501465 0.672734 0.038086 0.013049
2 0.538086 0.696429 0.111328 0.027473
2 0.520508 0.723214 0.078125 0.026099
2 0.711426 0.861264 0.083008 0.015110
2 0.714844 0.883929 0.089844 0.027473
2 0.817383 0.868132 0.039062 0.013736
2 0.829590 0.894918 0.065430 0.038462
2 0.824219 0.924451 0.054688 0.017857
2 0.898438 0.893201 0.046875 0.010302
3 0.749023 0.189560 0.259766 0.277473
3 0.435059 0.167239 0.336914 0.302885
3 0.245605 0.406250 0.299805 0.360577
3 0.623535 0.481799 0.284180 0.212225
3 0.619629 0.704327 0.293945 0.144918
3 0.887207 0.825206 0.194336 0.224588
3 0.632324 0.885302 0.268555 0.103022
3 0.344727 0.840659 0.349609 0.204670
