0 0.117676 0.234547 0.127930 0.087225
0 0.329590 0.074863 0.153320 0.087912
0 0.542969 0.076580 0.179688 0.066621
0 0.728516 0.088599 0.167969 0.103022
0 0.900391 0.095124 0.189453 0.096841
0 0.699219 0.498970 0.173828 0.094093
0 0.888672 0.493819 0.156250 0.096154
0 0.178223 0.668613 0.208008 0.100962
0 0.364258 0.666209 0.189453 0.092033
0 0.529297 0.657624 0.191406 0.105082
0 0.711426 0.665179 0.209961 0.099588
0 0.893555 0.660371 0.164062 0.099588
0 0.325684 0.871223 0.178711 0.102335
0 0.506348 0.848558 0.196289 0.094093
0 0.154297 0.541209 0.105469 0.085165
0 0.322754 0.554602 0.116211 0.067995
0 0.377930 0.464973 0.068359 0.092033
0 0.199219 0.286745 0.128906 0.063874
0 0.261719 0.236264 0.128906 0.067308
0 0.239258 0.451580 0.123047 0.085852
0 0.133301 0.474245 0.067383 0.057005
1 0.398438 0.151099 0.054688 0.028846
1 0.575684 0.165179 0.055664 0.028159
1 0.760254 0.165179 0.053711 0.026786
1 0.943848 0.165179 0.051758 0.028159
1 0.374512 0.278503 0.047852 0.026786
1 0.461426 0.552198 0.051758 0.028846
1 0.749512 0.567308 0.051758 0.027473
1 0.929688 0.566621 0.054688 0.028846
1 0.403809 0.731113 0.051758 0.029533
1 0.581055 0.731113 0.054688 0.028159
1 0.754883 0.731113 0.052734 0.028159
1 0.935059 0.729396 0.053711 0.028846
1 0.381348 0.931319 0.055664 0.026099
1 0.548340 0.931319 0.071289 0.028846
0 0.555176 0.879808 0.077148 0.068681
0 0.402344 0.107143 0.044922 0.052198
0 0.553711 0.122253 0.109375 0.053571
0 0.279297 0.387363 0.105469 0.067308
2 0.299805 0.150069 0.095703 0.033654
2 0.372559 0.230082 0.067383 0.054945
2 0.490723 0.163462 0.065430 0.032967
2 0.672852 0.163462 0.062500 0.031593
2 0.852051 0.162775 0.055664 0.031593
2 0.464844 0.518201 0.060547 0.032280
2 0.669434 0.563874 0.083008 0.032967
2 0.841797 0.563874 0.062500 0.032967
2 0.135254 0.729396 0.088867 0.034341
2 0.317383 0.732830 0.062500 0.021978
2 0.500977 0.727679 0.076172 0.032280
2 0.666016 0.734547 0.062500 0.022665
2 0.846680 0.728709 0.060547 0.031593
2 0.301758 0.933723 0.078125 0.022665
2 0.464844 0.930632 0.080078 0.032967
0 0.854004 0.889080 0.276367 0.139423
3 0.338379 0.097527 0.192383 0.146978
3 0.541992 0.110234 0.195312 0.154533
3 0.725586 0.107830 0.189453 0.151099
3 0.898438 0.112637 0.203125 0.145604
3 0.229004 0.255151 0.374023 0.139423
3 0.298340 0.472184 0.418945 0.250687
3 0.698730 0.516484 0.196289 0.144231
3 0.887695 0.514080 0.177734 0.146291
3 0.177734 0.682349 0.226562 0.142170
3 0.362793 0.683723 0.209961 0.139423
3 0.528320 0.676511 0.212891 0.153846
3 0.711426 0.680632 0.235352 0.145604
3 0.893555 0.678228 0.187500 0.147665
3 0.327148 0.882555 0.195312 0.140110
3 0.505859 0.873626 0.216797 0.157967
