0 0.195801 0.345124 0.137695 0.122940
0 0.405762 0.308036 0.188477 0.149038
0 0.634766 0.302885 0.191406 0.156593
0 0.872559 0.323146 0.211914 0.122940
0 0.118652 0.625000 0.124023 0.200549
0 0.344727 0.626374 0.101562 0.199176
0 0.633301 0.580014 0.165039 0.127060
0 0.873047 0.602679 0.214844 0.069368
0 0.098633 0.875343 0.085938 0.221841
0 0.339844 0.886676 0.089844 0.201923
0 0.640137 0.851992 0.153320 0.146291
0 0.874512 0.871223 0.147461 0.128434
1 0.208008 0.439904 0.123047 0.043269
1 0.445801 0.440247 0.125977 0.048077
1 0.691895 0.440591 0.100586 0.044643
1 0.935547 0.439904 0.091797 0.044643
1 0.230469 0.703297 0.085938 0.045330
1 0.451172 0.702610 0.107422 0.045330
1 0.682617 0.702610 0.125000 0.046703
1 0.928223 0.703297 0.106445 0.045330
1 0.207520 0.962569 0.116211 0.046016
1 0.447266 0.963599 0.121094 0.048077
1 0.690430 0.962569 0.111328 0.046016
1 0.929199 0.963255 0.112305 0.047390
2 0.084473 0.371223 0.057617 0.021291
2 0.098633 0.424451 0.091797 0.079670
2 0.318848 0.344437 0.057617 0.017170
2 0.334473 0.387363 0.086914 0.067308
2 0.325684 0.441621 0.067383 0.039835
2 0.416016 0.406593 0.062500 0.010989
2 0.557129 0.346154 0.057617 0.019231
2 0.581055 0.409341 0.107422 0.109890
2 0.810059 0.400069 0.083008 0.019918
2 0.822754 0.436470 0.116211 0.052885
2 0.220215 0.571429 0.059570 0.020604
2 0.228516 0.615385 0.078125 0.065934
2 0.440430 0.571429 0.087891 0.020604
2 0.435059 0.607830 0.079102 0.053571
2 0.447754 0.642514 0.104492 0.014423
2 0.437500 0.664492 0.078125 0.019918
2 0.574219 0.672734 0.085938 0.021291
2 0.563477 0.704670 0.068359 0.039835
2 0.796387 0.661058 0.055664 0.019918
2 0.813965 0.690934 0.096680 0.039835
2 0.818848 0.718407 0.102539 0.013736
2 0.907227 0.664492 0.064453 0.022665
2 0.191895 0.854396 0.086914 0.020604
2 0.195801 0.885646 0.096680 0.041896
2 0.414551 0.854396 0.057617 0.020604
2 0.419434 0.877060 0.069336 0.026099
2 0.437012 0.898352 0.102539 0.016484
2 0.419922 0.924107 0.062500 0.025412
2 0.558594 0.934753 0.056641 0.020604
2 0.579590 0.964973 0.100586 0.039835
2 0.808594 0.933723 0.087891 0.022665
2 0.817383 0.966346 0.107422 0.041209
3 0.162109 0.371223 0.232422 0.188874
3 0.400879 0.348214 0.229492 0.241758
3 0.636719 0.344437 0.230469 0.250687
3 0.872559 0.360577 0.229492 0.211538
3 0.165039 0.625687 0.232422 0.211538
3 0.399414 0.626030 0.228516 0.208104
3 0.636719 0.620536 0.228516 0.220467
3 0.872559 0.645948 0.231445 0.171016
3 0.161133 0.873970 0.226562 0.231456
3 0.400879 0.885646 0.227539 0.210852
3 0.638672 0.880838 0.230469 0.219093
3 0.875000 0.896291 0.236328 0.192308
