0 0.170796 0.197551 0.114865 0.095847
0 0.330706 0.193291 0.101351 0.087327
0 0.494745 0.197551 0.153153 0.055378
0 0.655781 0.203142 0.104354 0.095314
0 0.817943 0.194356 0.159910 0.079872
0 0.088589 0.348243 0.084084 0.082002
0 0.296547 0.348243 0.171171 0.082002
0 0.556682 0.345048 0.152402 0.089457
0 0.775901 0.345048 0.120871 0.087327
0 0.139640 0.466454 0.195195 0.083067
0 0.327703 0.453408 0.098348 0.105964
0 0.460586 0.452077 0.099850 0.108626
0 0.682808 0.459798 0.110360 0.096379
0 0.562688 0.460064 0.086336 0.089457
0 0.782658 0.457668 0.069820 0.099574
0 0.092718 0.619276 0.107357 0.090522
0 0.320571 0.619276 0.046547 0.090522
0 0.479730 0.614750 0.049550 0.087859
0 0.559685 0.612620 0.062312 0.095314
0 0.636637 0.615815 0.046547 0.099574
0 0.771772 0.621406 0.111111 0.074547
0 0.872748 0.640309 0.093844 0.039936
0 0.095721 0.779553 0.099850 0.036209
0 0.286787 0.784878 0.168168 0.018104
0 0.469595 0.781683 0.168919 0.015974
0 0.287538 0.884452 0.169670 0.019169
0 0.469595 0.885783 0.170420 0.017572
0 0.663664 0.797125 0.174174 0.089457
0 0.653529 0.883653 0.185435 0.098509
0 0.871622 0.790469 0.066066 0.065495
1 0.192943 0.265176 0.087087 0.023429
1 0.360736 0.266241 0.062312 0.022364
1 0.524775 0.266241 0.060060 0.022364
1 0.681682 0.266241 0.061562 0.023429
1 0.877628 0.266241 0.081081 0.022364
1 0.166667 0.378062 0.064565 0.023429
1 0.414790 0.378062 0.059309 0.023429
1 0.664790 0.378062 0.056306 0.022364
1 0.876502 0.378062 0.072823 0.023429
1 0.201577 0.537274 0.059309 0.022364
1 0.354730 0.537274 0.060811 0.022364
1 0.585586 0.537274 0.061562 0.022364
1 0.882883 0.537274 0.060060 0.022364
1 0.221847 0.728701 0.060811 0.022897
1 0.389640 0.728701 0.066066 0.021832
1 0.479730 0.729766 0.081081 0.023962
1 0.567568 0.728701 0.061562 0.022897
1 0.654655 0.729766 0.060060 0.021832
1 0.761637 0.728701 0.060811 0.022897
1 0.876502 0.728701 0.060811 0.023962
1 0.341592 0.829340 0.058559 0.022897
1 0.503754 0.830405 0.073574 0.022897
1 0.782658 0.841587 0.068318 0.023962
1 0.145646 0.941161 0.058559 0.020767
1 0.329580 0.941161 0.085586 0.022897
1 0.511637 0.940096 0.060811 0.022897
1 0.791667 0.941161 0.062312 0.022897
1 0.874625 0.941161 0.081081 0.021832
0 0.863739 0.458733 0.089339 0.097444
0 0.175676 0.620075 0.052553 0.091054
0 0.225601 0.620341 0.050300 0.091587
0 0.263514 0.619276 0.027027 0.091587
0 0.366742 0.620341 0.044294 0.090522
0 0.402778 0.620075 0.026276 0.092119
0 0.685811 0.614750 0.047297 0.099574
0 0.107733 0.822684 0.126877 0.046858
0 0.119745 0.872471 0.146396 0.052716
0 0.874625 0.857029 0.076577 0.061235
2 0.092718 0.227636 0.035285 0.013312
2 0.095721 0.242013 0.042793 0.016507
2 0.106607 0.264111 0.066066 0.026624
2 0.174550 0.244143 0.050300 0.017572
2 0.291667 0.235091 0.077327 0.014377
2 0.270646 0.246273 0.029279 0.009052
2 0.287538 0.264111 0.066066 0.025559
2 0.356607 0.244143 0.051051 0.017572
2 0.433559 0.235091 0.036787 0.014377
2 0.457583 0.250799 0.086336 0.017039
2 0.447823 0.268371 0.065315 0.017039
2 0.598724 0.235091 0.035285 0.013312
2 0.606607 0.249734 0.054054 0.018104
2 0.612613 0.267572 0.064565 0.017572
2 0.754505 0.244143 0.052553 0.013312
2 0.764640 0.259585 0.077327 0.016507
2 0.778529 0.272897 0.102102 0.010117
2 0.153529 0.309638 0.038288 0.013312
2 0.160661 0.329340 0.054054 0.025027
2 0.166667 0.351704 0.064565 0.016507
2 0.401652 0.309638 0.037538 0.013312
2 0.425676 0.325080 0.087087 0.016507
2 0.415541 0.342652 0.063814 0.017572
2 0.657658 0.295261 0.037538 0.013312
2 0.665541 0.310437 0.054805 0.017039
2 0.669670 0.331736 0.066066 0.026624
2 0.662538 0.357029 0.048799 0.017572
2 0.866742 0.297391 0.054805 0.013312
2 0.877628 0.312833 0.076577 0.016507
2 0.875751 0.333866 0.071321 0.024494
2 0.866742 0.357029 0.051802 0.016507
2 0.060811 0.516241 0.036036 0.013312
2 0.071697 0.531683 0.065315 0.016507
2 0.094595 0.544995 0.106607 0.010117
2 0.282658 0.508786 0.045796 0.012247
2 0.279655 0.523163 0.045796 0.016507
2 0.291667 0.540735 0.065315 0.016507
2 0.440691 0.499734 0.073574 0.014377
2 0.474850 0.515176 0.141892 0.016507
2 0.461712 0.536209 0.120120 0.024494
2 0.587838 0.516241 0.063063 0.017572
2 0.671547 0.507721 0.038288 0.014377
2 0.720721 0.523962 0.136637 0.017039
2 0.712462 0.540469 0.118619 0.019169
2 0.881757 0.516241 0.056306 0.017572
2 0.062688 0.672258 0.035285 0.013312
2 0.082583 0.696486 0.081081 0.034079
2 0.076577 0.727636 0.063063 0.025027
2 0.219595 0.707668 0.056306 0.018104
2 0.300676 0.672258 0.038288 0.014377
2 0.321697 0.697551 0.081832 0.034079
2 0.312688 0.727370 0.065315 0.025559
2 0.385886 0.707668 0.057057 0.019169
2 0.459835 0.644569 0.045796 0.012247
2 0.476727 0.662407 0.079580 0.023429
2 0.470721 0.685836 0.067568 0.024494
2 0.464715 0.708733 0.052553 0.017039
2 0.564565 0.663206 0.055556 0.014377
2 0.567568 0.678914 0.066066 0.017039
2 0.558559 0.691161 0.046547 0.009585
2 0.562688 0.707668 0.050300 0.018104
2 0.662538 0.674388 0.072823 0.013312
2 0.645646 0.694356 0.045045 0.025559
2 0.748874 0.663206 0.036787 0.013312
2 0.757508 0.683174 0.054054 0.025559
2 0.761637 0.705272 0.063814 0.016507
2 0.863739 0.663206 0.036787 0.014377
2 0.874625 0.683174 0.058559 0.025559
2 0.878754 0.704207 0.063814 0.016507
2 0.058559 0.901225 0.036036 0.013312
2 0.072823 0.926518 0.066066 0.034079
2 0.073574 0.948616 0.067568 0.009052
2 0.144520 0.920128 0.056306 0.018104
2 0.220721 0.814963 0.037538 0.014377
2 0.218844 0.831470 0.035285 0.017572
2 0.407658 0.807508 0.037538 0.014377
2 0.421547 0.826944 0.063814 0.025559
2 0.213589 0.911342 0.023273 0.011182
2 0.238739 0.925719 0.073574 0.016507
2 0.235736 0.943291 0.066066 0.018637
2 0.416667 0.927849 0.055556 0.013312
2 0.422673 0.943291 0.066066 0.017572
2 0.309685 0.921193 0.048799 0.009585
2 0.767643 0.768637 0.036787 0.013312
2 0.787913 0.788605 0.078829 0.024494
2 0.785661 0.806177 0.071321 0.008520
2 0.775526 0.821619 0.051051 0.019169
2 0.780781 0.894835 0.036036 0.013312
2 0.790541 0.911076 0.060060 0.018104
2 0.874625 0.895900 0.075075 0.014377
2 0.871622 0.915602 0.073574 0.027157
3 0.154655 0.212194 0.174174 0.136848
3 0.323574 0.213259 0.151652 0.136848
3 0.493619 0.223110 0.168919 0.118211
3 0.647523 0.216454 0.144895 0.132588
3 0.823574 0.215655 0.204204 0.134185
3 0.121622 0.347178 0.166667 0.093717
3 0.338589 0.345847 0.270270 0.094249
3 0.591592 0.339191 0.232733 0.109691
3 0.815691 0.340522 0.212462 0.107029
3 0.137763 0.487487 0.209459 0.132588
3 0.320571 0.474175 0.139640 0.157082
3 0.510886 0.473376 0.230480 0.160809
3 0.768393 0.477370 0.304054 0.151757
3 0.157282 0.655751 0.259009 0.178381
3 0.350601 0.655751 0.159159 0.177316
3 0.478604 0.654686 0.099850 0.182641
3 0.563438 0.652290 0.083333 0.187433
3 0.662538 0.652290 0.111862 0.185304
3 0.770646 0.660277 0.128378 0.166134
3 0.871622 0.679180 0.112613 0.129393
3 0.115616 0.857029 0.168168 0.202875
3 0.285661 0.807242 0.185435 0.075612
3 0.287538 0.912407 0.187688 0.089989
3 0.469595 0.806177 0.188438 0.080937
3 0.468468 0.913206 0.184685 0.084132
3 0.700450 0.802716 0.264264 0.113419
3 0.690691 0.892173 0.276276 0.128328
3 0.875751 0.853568 0.095345 0.204473
